4879
47359
11485
43971
88856
225972
100791
50911
3048
55838
23076
46791
51058
89719
36458
40487
6668
46957
28280
10217
22154
39625
30617
48592
26229
95577
29856
24204
43941
41338
44529
38893
2695
47964
34105
10983
2362
44628
27369
22894
32984
38195
45072
1168
14145
4059
24050
22222
24305
101691
66705
2698
20066
25099
30935
35584
10887
10472
28629
14255
38253
53223
6145
35495
39645
42989
2077
29894
5278
20444
40957
31065
54585
26186
2032
30850
47116
39298
31032
23046
37652
17260
58845
140341
28073
10925
6897
64150
57931
10241
3764
1338
11884
6085
21359
11410
39425
29465
15689
61885
17340
45321
25767
1845
48616
5423
43822
3486
70671
40453
33767
7009
7635
10833
2311
35296
56638
17308
5952
14638
30981
5012
6390
49635
37416
12586
2556
1540
13577
41711
31028
8677
14631
38928
1722
18924
62583
2748
64131
5889
1420
11141
62540
8185
2145
18287
16902
37132
14215
68212
45372
9437
7234
6615
40033
1146
724
9903
21456
1298
47947
27539
33760
6238
26471
22938
49554
34994
4960
2378
1434
23202
8430
3424
18228
49822
30145
51377
5471
19232
39688
17225
27866
3199
15856
19719
3199
6106
7638
41735
13370
47635
37312
5140
4623
10598
17548
57105
16637
15543
15416
40029
14797
28658
34909
1788
14124
71790
28966
8833
16975
22391
6103
14411
35068
26133
6219
39943
8423
21200
10161
22727
17625
9884
10685
42971
13176
11009
9243
32554
50954
386
6302
5128
11830
38247
1475
76870
1203
33736
20828
18141
14963
1972
2581
22860
9862
26039
36198
3765
14893
22062
11506
32189
2356
2002
4932
1073
10798
32666
12901
9787
4656
25500
1406
24638
10580
31104
15755
45808
8290
33363
9068
32071
7114
4859
2231
15224
1247
9962
14566
10532
44827
35396
15355
16733
2897
30355
49173
33549
30793
45514
15900
12530
7916
20297
12875
5200
14648
1391
4754
19200
7017
41988
25398
35956
40325
11296
2923
5861
8905
4858
13094
11022
15960
37019
53180
14249
1114
82585
12611
28915
16813
8486
4241
12745
3902
14297
16921
3237
23280
54079
17279
13179
13269
11084
4042
8843
25979
8352
10976
24114
1550
25246
49303
6333
27877
23690
28763
29536
54595
19022
4167
4142
35848
7415
3814
18478
12105
9134
6569
9575
22194
28160
2388
20149
14000
521
6642
8251
37405
27480
9598
45641
4314
9637
9080
2705
4143
5982
2020
16152
4813
12785
29996
995
11923
6831
32394
11777
15456
17835
9636
31756
33152
16206
1907
7700
12539
33353
2363
19044
7863
17926
13580
60491
24261
12817
1883
29704
10727
60688
9078
20272
3202
7564
7151
6352
15874
1389
8700
11139
27620
6472
2336
11895
19418
1904
6629
12921
24550
4771
45014
3320
13048
1111
15760
17726
11127
41016
5010
10725
3474
3304
7256
18749
23005
14070
37795
36271
9866
21091
11252
19237
25096
36911
8481
41855
37983
26709
20203
6190
37430
5317
23743
1587
4994
7290
31616
9549
15902
11018
23809
32136
8890
10019
3128
5019
28783
8998
12999
1792
28901
26986
12170
7078
3396
5986
31826
46578
13778
9739
1441
11215
25897
22891
9516
5990
15932
22784
19163
35441
2100
21834
10956
2901
5334
30059
17240
19990
7431
15412
30608
18058
16138
26130
33306
8002
17223
3986
965
22491
11040
14559
7176
32064
2399
12744
2594
28203
4239
15547
22129
6633
24870
10957
9784
14447
8041
4789
24688
22561
6317
7027
19332
38297
15207
3146
34721
21122
3643
16961
2185
81725
18604
51961
2438
51700
5129
28799
5217
30407
23142
3791
11681
6222
55242
1031
12062
2037
4954
6359
24368
11749
64785
2349
16667
4266
3358
27438
15790
766
10455
5935
30592
26898
13370
24515
12649
5729
8515
3604
24718
4026
5777
7724
29247
26419
14535
8226
25267
10115
35896
9508
23737
11542
8933
7779
10792
1586
12621
8048
9356
14728
2133
9849
18319
17862
10308
2797
14553
18365
6723
46561
39965
17041
8031
20979
1921
40598
13230
934
14974
24154
30136
21780
11527
13735
1887
2667
14670
1149
16582
10787
38806
6431
6081
23594
1007
12358
10857
8553
47913
7615
8490
23051
7919
31613
362
35609
17416
8670
7614
19906
1650
19557
36028
3365
14615
6545
14839
10507
3463
10300
12969
9889
5673
29517
42535
6613
13905
9458
36413
35920
38363
2315
4734
11310
17178
7129
3254
24764
11814
29755
14236
1147
10748
39470
19579
3991
32230
5517
928
2749
42231
7012
16217
14085
21859
19149
19923
13561
3320
22610
2019
17845
36950
24858
10910
8354
31338
496
13608
35159
3215
28321
18122
13394
13485
19679
22006
29621
156
1217
2735
26689
7822
39179
70590
15443
4365
8851
23637
44801
11048
4605
15661
1498
11710
18786
43870
5793
10380
9395
11709
8388
35558
7240
1061
8074
1319
21227
33510
5377
15501
38960
9289
4339
22493
12930
10855
1370
15814
38694
4977
9847
24099
7643
41391
23048
14522
17898
1490
36232
48333
16346
1500
32743
18028
4443
12742
34851
974
56072
33630
2914
13347
19367
10471
15108
15111
17750
1113
9720
1921
2432
3534
8746
1980
35160
3401
38840
17680
10278
30743
4885
2374
17215
23321
22411
3351
10445
12384
25401
19481
39574
672
26706
4973
18767
20623
7160
13586
19145
4007
60554
17386
17347
4581
1661
19355
9938
14746
1390
16863
19706
15159
2878
4147
27824
2099
8234
34066
30207
1866
46263
14591
14570
36643
2120
22310
2475
6245
39251
10646
7376
4207
22207
36613
3802
4465
30577
30347
17491
11911
634
43324
10966
2006
9285
32121
17485
29711
9365
16717
27884
2665
2769
1573
22807
33989
10466
10584
2646
16998
11080
3190
11055
18528
25455
6316
4010
809
38159
8181
26945
38158
12520
3498
8896
55781
10045
13397
4258
26065
41797
19081
5380
5747
14993
1280
9354
16798
3127
7194
15860
16566
26623
15182
22984
30343
2372
1023
6203
52714
11410
4397
51426
12971
38316
21840
35177
15340
1157
22799
12398
6311
2118
5353
9791
4570
10066
2892
1368
3046
33011
6479
11322
5178
25189
20155
8880
10642
13210
12187
6069
16647
6910
20312
8987
2182
14263
1880
18921
4454
25074
20853
35609
21663
25447
18768
5391
10289
16031
5507
6842
11468
18527
16213
2911
4054
816
11907
3024
3016
47104
22888
4763
7533
2325
28938
9522
9798
11054
10608
13808
27781
4330
16955
14638
31174
11787
13051
8572
23570
10723
1289
27854
13543
1875
32687
26021
35559
29764
36749
1315
15776
11351
29011
9391
17045
3645
6176
9752
10613
15018
582
7175
34409
26698
19871
2388
3044
3136
15557
8200
26809
15290
29695
21426
14403
5378
2494
6502
5092
15950
7686
58258
31782
1181
12654
5470
3069
2453
1721
1159
30356
2048
28584
7600
15772
18279
8716
6674
21619
21414
4274
19642
17839
5153
3864
21228
18898
38506
1486
19255
26219
17659
16696
45528
12392
20129
13773
9437
11753
401
20820
3734
19151
9665
15146
1036
15127
31871
17529
20031
4745
20323
27851
10749
46318
23736
343
28601
8528
27299
9070
5081
24430
4715
7605
25377
10193
5603
3905
5500
14067
6137
5130
18688
12973
32165
11315
15426
8110
8230
23728
3762
12081
26843
18525
6414
15752
3848
1069
9581
6369
2196
28108
18938
35821
15225
5427
15390
21822
5304
9339
27282
13876
1934
12894
26370
25423
8584
44230
19029
12272
15696
23108
23048
16617
1511
8440
8415
3919
1914
2501
28605
5868
2561
13986
1280
7468
26609
4122
16655
31308
6255
27629
17191
19864
24861
4995
56780
34055
4731
11598
16046
42032
13037
19590
20043
3553
2371
15254
25849
7670
10560
4426
1692
49263
23070
11126
5057
4748
16283
17674
18446
22106
42221
12146
9620
36426
2690
40838
15406
21582
664
13428
16605
32789
19835
26843
14556
17303
12485
38726
12327
15878
6735
5673
24386
2145
8720
25185
739
1234
5825
4541
25054
3661
41688
1698
18035
3252
11038
8427
28252
5493
5909
4234
5761
20649
15018
4604
11996
18468
22878
7168
27800
28992
24665
8704
13300
4268
17692
2033
11149
7427
10648
18024
7069
3710
22012
30453
28995
1220
3078
4334
6294
34050
19654
14297
41425
41419
26148
21840
14035
12181
50054
51746
4491
8182
1769
385
44130
15650
2021
14579
4804
26709
2132
7006
11504
1818
9616
20624
23447
9412
18853
39778
45509
28170
7694
18927
38032
2667
32713
1007
12447
9931
6124
8623
31633
6709
21419
24966
32620
4730
18150
5761
5341
1142
13076
28739
17904
13074
20361
16188
3980
48157
13690
14691
22258
42254
2324
1837
35288
1006
10124
10656
17503
32074
10790
412
6379
21549
6226
33905
10202
9345
1617
17224
10066
1647
53340
39333
16952
27525
9643
1685
19799
19732
8851
48609
26186
2700
27696
22805
4151
3571
23530
7167
1187
14931
13044
23014
28030
4427
4441
15170
21975
2680
1909
62155
2649
25874
7862
19571
37816
27225
2009
7084
3841
10722
19576
3728
3908
16828
17992
14755
5224
16857
18832
19338
2526
9525
1535
31704
19741
4652
8841
4737
1731
22755
4202
20987
15359
3258
41725
31306
12256
49984
1876
19197
2008
57971
33915
11371
724
6332
31688
7865
17101
17250
25234
6949
30294
29054
7990
9369
9880
15087
5680
8336
9846
13729
25513
19320
4622
1334
18730
34909
13420
7889
29105
27237
31647
4993
5324
3650
6754
41067
1932
18924
6982
10293
49801
13613
6231
20701
21467
13284
20819
15948
21403
2221
2377
3319
33341
23135
9443
12772
6015
3631
2218
4004
17100
30596
1799
6021
7860
21373
4364
4208
83089
23659
12233
2923
2005
19694
1539
14864
2268
12709
4204
14518
23879
14219
9565
26238
4136
25287
31007
37209
8155
19688
9641
12133
4480
26051
5573
5441
7965
29680
11016
11336
28563
26116
4453
9552
19810
17485
4425
17716
57525
1977
786
24003
13973
25021
835
6455
7197
4679
8903
16850
27622
1616
4165
26633
1927
12174
3502
26061
16695
13755
13822
1882
4581
10632
10013
17045
12484
10564
2693
27987
52829
41087
7413
20954
18641
7676
5042
12946
1515
12680
13639
9466
15139
17652
12530
7047
43137
17469
3457
9777
407
41827
3723
27843
29166
16863
33084
34554
31223
21753
22074
1757
57051
4848
33915
5708
3425
1922
23797
12802
16218
1494
11502
2613
8510
1698
14588
2927
418
12774
25089
12511
9875
20631
30416
1123
5472
19570
8127
15799
14996
2358
710
10547
23233
23307
21050
9966
26175
1139
7803
13975
15933
5990
7052
25036
14489
12730
7251
7513
8406
8674
3576
21408
21772
8453
46942
23760
10784
29377
4803
4617
5113
15393
14354
8484
5845
10278
5844
24869
19708
12641
28730
13010
28484
24218
6660
8629
9306
24425
4735
13174
1301
20070
12917
18416
9209
6301
14375
14120
9640
2664
18963
10735
8291
17541
29850
21774
1535
21568
42858
3150
17591
16486
20072
23256
22457
2980
11028
25374
13431
23926
10680
14437
6870
13368
1234
9133
2285
9798
3426
8574
1091
25372
6341
3892
22234
7931
7638
17665
19180
32543
3666
25602
9091
4486
9667
70397
31146
23000
5105
10890
1905
1988
1444
3736
6946
10921
35006
15589
9011
3655
15203
16957
2941
21436
15150
1593
36054
6104
7173
25527
33894
3572
26091
6544
431
10216
8711
24805
17525
19892
5511
20995
2390
34036
35066
27137
18189
8873
8892
8304
10043
2429
8349
2412
6291
20785
34276
12469
18507
2639
14466
12112
2877
3450
19410
23328
44899
4943
2154
10520
6810
6673
12225
17154
9679
4415
16330
14609
13707
15476
9627
20012
2808
2944
5868
8499
26837
27451
23930
3883
11924
10156
5112
5984
8912
14728
1441
6408
11929
12190
20700
12676
29494
12626
17940
16475
14262
15747
1326
15366
22283
24438
3068
42746
15378
9022
27888
1216
6079
6445
4009
25960
53741
9951
7430
23900
5051
8932
36875
22716
1591
1864
1293
6241
11260
15189
2652
5345
15810
50277
7646
25299
2000
11977
6021
32627
24345
29576
24520
5245
44773
9255
12618
2239
5923
1801
3846
6720
31694
10928
25308
8141
9346
13040
35397
16930
8613
3765
5349
6712
13914
15238
20792
17331
1687
28985
17349
5652
3200
27737
4018
15633
10674
14039
6995
3152
20795
27117
36544
11864
5964
9624
8610
44522
5723
18312
25614
26300
29987
8129
11494
12919
25680
34405
16306
1624
10760
8050
8225
3140
6335
30202
25611
5876
8404
6811
19268
4384
16316
6621
11979
1204
20105
20797
19785
46583
18975
8244
19535
7328
23541
2332
14796
9277
5649
5714
4343
14597
2490
3703
4159
58893
10106
12653
1325
11146
12835
3915
16161
4963
17639
15625
27567
6189
16483
18676
20854
11790
3031
44050
29682
24054
36508
3170
58610
2095
1443
14889
4695
317
4709
4818
5940
5414
26807
9465
9263
40446
10480
18975
41650
12812
20854
37260
12111
12088
6288
3437
17728
2677
14531
18489
3466
9918
15163
17325
7152
1845
31240
6180
22288
8302
18177
2481
16563
5862
14484
37549
13133
6234
17357
38180
3602
9884
12371
6320
8756
19630
25545
322
13572
8773
23113
25087
13464
25596
43866
8677
2296
1738
25556
4706
34783
27931
16343
3778
9653
23018
18669
7306
5914
3796
21293
24099
8115
29177
15290
10504
13331
387
887
8321
15157
4484
18865
14602
6258
15127
13368
3422
7900
30951
10782
11712
37715
1324
24963
300
9419
15448
3984
36505
8476
395
29092
13095
11816
14812
18140
4904
26875
16089
19496
25445
5028
29079
60481
25234
3732
10176
8026
3626
21439
23325
24117
5618
3719
2997
7336
3601
1835
16038
34760
3017
10908
10964
4731
7902
18002
32898
20045
5674
24104
2868
5222
12708
3907
3603
28987
3493
3763
15888
10112
9469
5720
13735
55053
6018
4554
25395
2975
27902
8329
3312
1155
7868
10337
1713
20608
11063
21074
11143
1640
3436
7062
30625
11898
5637
1502
2690
12829
9568
12329
8279
40859
3744
19361
578
15389
19970
6928
12356
23259
34256
3686
4739
30619
33622
26772
26155
3755
6455
8287
4064
9950
7199
6360
19839
21119
30514
15615
28652
20962
6849
21762
16222
9562
13940
367
4858
37774
19729
32253
1037
12592
10808
42392
31384
7230
4543
34215
26611
10986
3911
48893
5760
14698
2440
25589
3036
5621
3881
2702
15289
17757
46697
4802
26861
22857
2786
755
3513
13477
15371
21772
21474
32928
16184
11578
24789
5193
20226
3187
7347
11066
6962
5019
5571
2832
3163
23161
5371
3914
25204
26471
7104
11490
5183
26674
12866
5913
20527
4103
42882
20548
15272
9219
28828
12034
6255
2731
24273
17998
2722
7968
4831
1902
4655
14216
22814
22776
6377
23589
6069
14971
2526
3653
9261
5470
3382
4271
14361
24311
2645
14175
4513
9464
16858
5285
16124
37953
16695
13180
19424
26031
22696
15088
1533
14446
8898
21853
7725
9226
1292
11863
9050
21506
11230
6284
14976
13375
30506
8416
20038
28228
6539
8740
4121
1678
5685
4209
27159
2604
14385
2977
8265
43980
3584
25302
20390
24745
2317
1354
16939
19564
10935
7433
10659
19858
14212
9973
852
11331
6337
18860
2508
2028
7646
1349
31670
3788
6624
34996
22634
4126
6813
4350
8645
13446
2294
1923
7019
7570
8670
14750
32576
12939
11665
16163
30017
1704
5534
4918
24141
11005
3994
10270
25797
910
4913
1376
17072
8636
14721
7663
26616
1841
3700
19472
14457
22980
4309
32530
3543
10126
20548
5115
16744
18106
6834
39088
3988
29295
3018
2406
24652
13390
658
6640
9882
4759
3216
7871
11443
19975
2052
3122
8515
14173
13767
874
447
9749
4711
13428
7200
33323
27699
6578
6040
8644
17387
10862
10699
52503
5188
10170
14999
30643
15503
5364
10205
6499
4663
27152
4152
9319
1651
37074
6248
5078
28738
27697
8220
6396
1275
7176
14157
29093
7499
2229
13017
9853
10976
20451
300
2274
3412
12261
19979
14978
10833
19598
11027
36615
3482
29586
6954
11259
18091
2761
16293
12091
26196
3955
11166
17300
15769
6372
6318
12134
13747
4060
13239
25663
12260
12323
6649
28028
9106
17273
1431
7572
1289
9156
25641
2623
24430
4477
8645
17206
42279
1110
11246
40258
23503
8703
15258
35144
1877
3115
17643
16106
13928
13039
38809
5882
7074
6493
7110
6113
10411
7422
42541
11243
4175
13660
22118
1559
7749
5861
1797
19068
14725
1801
5769
2674
2645
8257
12708
9933
9956
24104
59468
11213
32443
24898
14956
5779
28492
4481
12548
1978
5179
12724
20950
4303
13313
36021
24551
10712
5989
19787
22171
7072
14992
14268
6965
31479
9055
26934
3280
10128
2560
7750
8237
15687
17405
660
21980
14552
26717
3307
2526
7429
7146
32904
5490
52141
37985
11846
5570
16385
12284
8728
6383
35110
25074
20030
11520
3440
8972
15554
17092
21401
24543
36035
1824
14020
7986
23538
10606
16264
31842
11008
12657
30759
24357
2785
7730
6201
16420
1832
561
36568
1858
32667
20398
43163
21573
14424
20390
17543
28433
9707
19726
24502
10020
8368
15831
12540
15654
12449
5253
1650
14181
10884
16065
7307
4591
746
27422
20240
19625
3247
33204
5522
8985
41952
21139
6034
4887
22065
6865
25379
27097
15304
23791
14442
4974
7964
5526
8622
20403
8665
9650
10680
1382
5363
13182
14157
3948
35834
14433
20691
9087
31425
33914
1176
18197
22443
2757
10113
15973
8832
5404
5179
6322
18198
5123
3478
25528
18233
1400
30063
3849
2934
8009
9011
20121
13992
9136
4523
23111
19096
14220
13508
11537
33359
7130
7866
19951
26358
12710
1920
2659
7071
31206
16567
13327
9762
4035
11667
11259
10261
9280
16549
19068
11500
9271
610
26271
10525
5095
4837
1433
12872
37027
12129
14602
19075
8560
20033
10034
10255
4216
6017
40169
44326
10113
11381
25597
13915
19158
15261
12181
2546
9584
1948
3118
32212
13408
15634
1522
525
33228
5872
9744
12458
2190
8256
7766
297
5141
22479
30916
11037
28055
3589
5370
3705
5135
7613
3907
2621
1244
13355
26266
4738
7596
30152
43761
42138
8431
14106
5706
8494
14884
14866
5763
19343
15274
2171
9501
4056
5925
21022
19490
19888
29000
5010
9890
2913
16606
29242
34533
18191
11484
7744
5194
1753
18358
18922
8495
14711
5739
33757
15625
10750
1105
23489
47215
3177
22336
17955
11501
5060
32850
31422
3911
11363
4937
4345
8131
22948
471
16509
20494
4891
38905
4311
4637
15624
9918
4174
6662
3617
16255
41610
21246
9405
10132
24761
10819
12333
8705
10902
24043
1310
1151
10631
20161
55824
5630
42558
7530
29427
4011
2582
3428
10044
14586
7932
1326
14988
20802
14739
10512
2247
6580
20130
32159
13492
3805
11181
11906
8461
9342
48479
17139
6004
27123
33463
2561
11471
12911
10465
37339
2343
3784
5474
11411
9029
3059
14188
10371
7317
10637
37616
4473
10114
1395
10144
9208
20004
6545
4803
7899
3507
8533
15607
16944
35087
4581
7609
28994
14173
23351
25132
34490
5112
2296
14474
34249
10540
7336
9484
19730
21273
13001
9165
4979
4781
14689
18339
7041
1199
18665
3568
27633
12554
18231
7227
9842
6101
5664
23321
23002
7685
5600
4038
20271
4820
1656
17580
15401
19188
11837
8256
21670
33780
2435
16929
15455
12678
13953
15691
12023
15099
29717
19255
9951
32263
5046
12110
7908
7172
6854
22452
10277
5218
15420
22730
1435
27998
24358
8940
33097
10502
13828
12969
4025
22627
14320
7949
4602
13403
9043
2000
1261
15627
13782
14659
2980
10926
15370
6956
5948
6220
19287
6562
22668
7997
2351
4073
32555
6296
9211
15378
35666
8258
37923
2481
10844
12849
25778
1014
20381
15239
43631
17626
2174
14773
4057
10264
2273
4869
6270
9283
10754
8440
32491
27177
20706
8935
12355
44805
2886
29782
23456
10792
16621
13841
6917
36500
5734
4125
10369
7531
2067
28120
5124
14100
4795
2756
1551
10143
4199
7602
3092
3093
2426
4649
23496
2143
8999
18606
1036
4057
1570
21909
18164
20335
5494
17292
23491
18816
6351
6596
3485
39958
13312
4675
7905
8402
4362
14978
27704
15796
14246
8419
25478
40436
8239
26965
15361
34852
4680
17202
10128
3817
25551
13361
10446
21225
21924
4631
3490
5198
4564
29906
22180
3330
16930
11839
18501
6742
2215
3713
6859
8444
13104
8702
7570
10612
24089
4315
8393
34694
14194
14308
10619
1043
11453
6720
21247
25359
31294
18261
31263
10592
40487
5541
3736
3163
5750
8208
24931
35831
13677
17070
2411
15946
9967
2328
2209
17801
5481
9730
11303
1545
8009
8914
5978
5592
7200
8704
22944
1133
14508
14594
36950
13112
12079
5818
2456
15988
12645
9437
13327
19762
6193
1715
4859
3056
7683
17261
31680
4533
1149
5114
11900
24845
8161
7391
8580
13173
6105
20612
19628
7842
3806
34375
8206
16624
13519
1822
3209
16428
7656
4651
10233
14845
7720
3646
634
35533
14024
22247
4034
3247
1820
9798
41674
11597
11300
4568
5264
10377
4623
2249
10945
10885
12695
29624
18377
9040
32368
42844
13123
1181
22850
1336
4135
21351
1018
4531
9505
18741
20556
10915
11446
9327
6449
10020
30706
11046
6007
16437
3446
799
16259
3995
5773
2122
7779
32166
1288
18491
29005
21125
10391
3083
12113
6448
12896
2016
3624
7513
12238
7879
4372
3473
16560
36133
11068
4336
1319
11240
22556
4006
5700
11690
25439
24334
7112
31219
5507
7033
14558
6261
8858
40258
3733
4352
28847
5586
20391
12936
9909
11436
12829
20357
7059
26630
6079
1023
11612
26418
662
1951
2966
12031
27565
1758
1491
18413
1382
15512
5042
6215
27619
22223
635
4573
11791
2110
7498
43281
6366
21220
12882
6356
39083
11520
3065
11938
11766
2190
7977
6210
2831
17222
10997
2968
15858
2187
6314
11561
7310
19857
23151
6420
7156
4704
10356
26436
9025
5984
2660
9808
1166
18465
3781
28312
2511
2552
18904
15929
487
9439
9343
10287
14407
11959
7438
28562
46145
9343
31833
11182
3252
7351
2427
7154
15271
31538
2920
8082
6964
5915
8209
2784
404
16894
11023
12412
4059
3145
4000
1705
12916
7028
8303
16850
14682
41032
3329
8482
4965
1110
15763
4575
51416
7238
2870
17841
6392
2724
6066
15090
6472
5680
9119
4204
6540
10606
2458
10469
7567
32341
15520
22063
13581
20599
16226
23246
21542
40640
4168
18604
7529
21312
5765
13482
33146
16368
43495
9379
6898
16243
11510
6899
19631
17171
17720
6017
3714
5961
22221
46028
13285
3695
16191
21887
21261
18106
32061
2485
10724
12031
2679
5353
16545
5550
671
3915
9617
2182
3848
16009
8833
31232
36989
2041
2785
4079
8526
5508
8918
34547
15082
10025
30083
2036
6873
5125
10490
25902
16071
31605
1034
4140
2534
6641
2462
6335
22752
15688
5665
7606
16386
645
7976
15492
13798
13999
6977
9350
6294
12181
10271
10700
5806
12328
38685
14120
6008
9257
20287
5573
24462
12305
27425
4361
2507
11313
20267
4561
1694
12064
15743
15979
6220
8830
20083
3125
1238
13813
3183
4295
16582
9279
12221
10745
2806
3372
24511
4923
6515
8802
16217
6556
8503
25934
6103
11579
6580
2416
4429
3710
4022
9899
20759
13808
24445
18346
10192
23450
1921
5334
3718
36105
9436
28258
11154
14618
3745
10993
3539
1070
5033
5337
25621
26093
19805
11639
4719
2172
46827
4473
20125
18659
19262
7461
11945
4155
1529
7306
2895
3599
5666
6862
7721
13607
14836
15676
6906
32172
20937
11577
1564
6279
2930
4612
5279
15880
27034
8428
17659
1550
2307
7170
31877
3313
4172
36487
11398
43052
15180
13379
16954
14079
16080
8070
11983
7762
13663
13859
2505
1102
32205
10491
12506
31606
2970
9021
17630
2443
23383
19642
23060
13788
32810
1738
12399
2603
7415
39767
1048
12395
5353
4352
14362
6698
19596
8834
3681
9836
11406
10922
9660
12475
22803
8824
14474
1955
12725
40792
31862
15321
12568
30028
13549
22627
4138
12983
4241
17577
11045
2698
7114
9747
341
42039
7073
17160
11447
7282
29128
15112
41940
5712
1077
17624
9448
11380
18533
3290
11338
1460
9087
932
7240
5732
30223
1047
8941
15698
32775
5036
21500
15090
25383
7635
4779
33299
35376
12496
3041
37169
6030
1307
2631
19437
24903
7176
1383
6425
23920
22511
20428
15499
14853
18522
9682
6376
3512
7564
45218
4103
14652
5568
11075
10862
5341
4045
6173
2789
18092
3124
4129
9667
2983
34605
8112
8928
35526
46116
17120
22003
14325
20736
17136
26221
7806
4003
12480
11169
1520
14762
6510
38970
4559
16709
8480
12145
2629
10962
4974
28221
8401
10724
29932
2159
19201
14732
20924
2511
18336
2418
4473
1019
11382
6021
28291
11894
6895
6034
16856
11782
7234
2177
45062
22796
15553
8414
2690
8025
6311
2921
9460
8622
18022
7267
30582
5108
15141
5871
12381
3760
22072
1399
8048
1978
2432
6918
1371
9147
9019
10140
2894
9418
1058
25086
1748
2604
7286
6614
8694
9690
8652
11715
5237
8064
24729
31877
13451
43988
16090
8036
8830
6023
11642
534
35394
5032
5578
3670
7320
505
15734
27455
14073
988
37081
8280
3517
20147
4641
31005
35802
9935
2098
15676
11607
18197
15572
9505
13720
10731
26689
24492
33807
4109
23262
8816
15818
6468
30066
28854
26431
3571
9383
9662
3556
15210
4243
9802
3724
19934
1918
20159
11418
13127
2813
6312
4662
6311
23344
4729
12602
13107
55709
10521
17638
7670
6836
3589
8968
7801
2528
19526
3487
5268
21670
11574
16401
4810
13350
22767
9836
9152
27005
8653
14499
9047
2574
7469
22882
2977
2475
11471
1232
15130
3204
2634
15660
16917
12652
12232
5784
2859
21864
14443
19175
10416
30478
1442
1151
8446
9998
8044
3927
17692
3163
11819
12446
8582
10672
4413
1765
18753
13169
7760
2171
18921
7795
31287
7674
3066
10124
8758
7771
10961
7854
5283
28298
11250
15237
18068
8697
29758
25339
2508
876
5961
891
6249
6556
1877
10631
5234
26739
3891
6786
5919
1930
1439
10662
13077
16534
24836
6372
10820
38442
11007
4157
16580
5853
28760
10583
10923
24703
24012
7041
8925
10556
2848
16939
3198
11705
9822
8248
10231
17387
8741
3139
10683
5984
3661
14982
5457
7544
13133
8639
7682
7308
5437
23734
788
41507
17260
8352
6945
1701
4704
16218
9149
1591
35912
7354
41968
5816
24696
14716
3607
6323
4483
14034
10069
12496
11206
16885
6764
17991
6102
2083
5745
7615
22085
1572
13387
31422
12716
10656
8972
6098
12363
13747
5293
5237
46835
2788
9824
9165
4543
37467
12366
1822
16041
16350
5999
20136
4823
2906
7815
4502
4420
14121
5006
5971
6770
19257
6334
7591
5194
23846
6868
3570
6987
39726
8463
20319
4363
25969
2811
3721
11109
4713
13847
2644
9451
11660
12566
20163
16998
12566
22562
21211
24037
16409
8548
19558
23829
32113
4029
13026
37102
15628
8940
9152
17153
2459
1199
15201
11809
36156
9637
6823
5370
1360
4352
2829
26961
11073
13573
11137
15349
3688
19398
24488
2444
5711
21446
12044
34426
26527
11973
16807
3691
8418
24376
7930
9584
10866
10417
6066
14138
21377
3799
48448
9569
8422
3009
21621
5804
34057
16777
15905
15195
6034
4250
475
4133
10898
9485
8980
24085
11511
2321
4840
3632
12011
3400
3392
10818
12487
35691
5088
15805
30798
10739
10554
12293
10244
4772
5136
10635
4607
6720
3291
13012
13254
7816
1445
34507
3634
27965
24934
1843
6133
9812
18894
10641
9936
5111
7666
4642
15070
1759
8983
22576
11710
5498
30037
6721
1680
12150
4863
13719
14374
12350
11072
920
5636
9108
3685
5234
1760
22558
2968
5658
2405
15017
8665
3027
7759
11988
7446
1683
1590
13262
12433
9136
12585
29611
11931
5753
36197
40106
8320
6335
5919
5597
3401
14627
20501
22076
13956
21493
25405
12533
975
12753
13859
20892
11956
3735
3909
8379
14036
7846
14413
13724
21343
4061
17007
4186
6790
7481
13315
10685
15572
26990
29741
11575
7137
7857
12474
3091
7321
8167
13579
5265
26018
18774
12316
4558
9447
27078
2446
13148
1673
877
12665
18934
14148
6216
3723
9054
14871
1647
1473
3589
4039
12912
5525
21902
3656
14423
477
12252
2251
3569
9188
43709
2195
7350
701
20962
12541
12209
6637
16355
31912
7205
9737
6976
41612
8250
9989
10078
2027
6515
8920
19256
5663
15282
6903
1482
1794
20895
4149
6466
3272
1823
3229
29251
16626
3515
13330
27708
22829
19137
4428
9492
7763
4967
13475
7107
3413
15531
12568
56332
34244
2664
712
3062
22310
10470
7599
4548
8995
14345
24707
17101
11477
924
8219
4862
20686
12565
16046
12924
9698
2609
18270
670
14730
3060
3271
27911
630
12888
5793
2404
17545
3075
12948
21738
1584
6372
20247
11619
28007
23430
4382
4091
23932
22246
28639
25966
16803
11623
4526
20534
6393
10371
7770
3908
43636
10875
14836
10774
6120
4696
9497
2698
7354
22487
13372
2488
10975
9440
3394
16229
20014
263
17539
6023
2052
15213
3376
25759
9256
9652
19800
4092
1824
7557
1577
7560
28973
12383
3191
6472
5987
4119
11204
2127
7337
18182
3142
1473
16211
5331
1545
3722
39223
6231
6271
18173
17420
3946
21280
18097
6259
13034
3634
19129
7160
2348
5632
2599
28576
10285
6694
34021
2800
22163
1691
1390
7168
6591
31088
25714
27143
16560
21818
10045
1944
41023
33715
11199
8239
3811
48101
251
20045
6902
6439
37810
4850
10459
20637
8242
19848
6948
6495
28917
9888
21603
6557
11738
29723
14426
8261
4613
3137
3601
14504
21254
9320
26576
6239
9000
1941
4798
15114
5139
9265
21054
2675
3153
32636
18710
19765
3173
7156
37552
40585
13747
4504
7654
12695
15131
28127
7666
9285
23401
7118
9637
4347
7461
2148
12215
8929
21035
7421
10503
7309
26945
11582
18246
2427
10971
4902
7743
12519
10440
9575
13806
24212
5405
4275
13901
10805
9977
32932
7042
13102
23770
8063
5777
7292
10343
3797
10172
10433
5256
29784
15058
11270
3676
8332
15200
4488
24653
16535
9855
5079
10624
12888
8260
7422
11488
2236
33656
37508
7552
3307
18623
9446
2538
7416
3266
31173
12257
4300
11271
15117
2599
19716
7559
4203
19016
8921
19820
2122
6808
2388
9074
6373
6340
9961
6182
7289
6267
3418
4887
9169
6416
9504
14948
7661
3360
2814
24559
21798
9135
10529
14720
5205
13475
9454
15786
10463
1527
4346
11086
16872
8829
7760
11031
19367
16238
17388
10269
21048
16797
9314
2350
1316
18798
7534
2827
24937
10846
4577
9035
7194
15229
912
4301
4379
22265
19481
11299
8326
11083
4451
5739
1530
17934
3353
4428
14168
7006
3842
14088
1985
5155
11828
22080
1789
17609
4409
13620
7146
1426
17969
33885
28435
27119
12676
6913
4337
17596
5861
4025
22383
26129
25917
3054
58136
5049
5500
7077
9913
12903
13951
7020
13390
2879
2266
12006
14109
11999
10860
4772
2777
20070
3061
1981
14101
13534
1466
3920
16628
3839
20761
532
3958
6546
4961
6569
2446
5899
8595
510
7939
34758
21199
28070
8449
47767
6882
22832
5209
1568
4373
6482
8006
5583
9058
10090
9323
3175
4209
22578
7530
2097
2835
5490
9720
15647
1947
1642
19904
8076
22614
3751
8113
15979
3091
17056
3024
696
3906
8132
8753
5858
9786
7922
2510
30337
10381
15588
34018
26358
11849
3427
5289
15112
11447
17197
7151
7249
3502
11400
19797
12209
9069
32451
776
24933
13652
3651
12348
7883
2026
704
25839
17204
21468
4221
20852
3328
1984
13045
3226
8427
9797
735
43338
6991
11754
2252
8862
17897
32333
14863
12638
11220
27399
2685
15325
3134
7724
9737
17829
10230
2617
8362
12385
3765
13973
16937
9533
23071
7078
17612
6995
18396
30051
35691
2233
9942
7851
18053
19964
8790
14119
5126
6242
12576
10629
2545
7055
21073
3826
31520
12299
19801
14875
3724
3802
8468
6788
9484
8765
14457
13882
6364
2842
6779
8434
13502
2329
6095
24486
21190
4287
40719
5197
32335
7354
15949
4874
3447
8690
8747
21978
22948
4294
21906
3590
34998
9149
6169
21788
2121
4382
9227
2439
7646
4535
3791
6128
13572
6539
1457
5423
7482
11265
11030
8439
2287
5350
1124
19109
8831
8708
2345
20675
2104
6332
9058
4166
7896
7530
14617
16570
8878
20577
10850
7031
2982
6941
4169
16091
26548
3544
19905
26886
16386
11666
7799
11589
22726
9211
4037
11166
12986
13327
5048
7339
16214
19498
2880
14642
2556
22691
21275
4450
7730
1526
6251
7433
1835
11367
5175
22952
6525
15706
7795
8286
12230
3345
8975
6816
14865
4426
25289
639
5468
8043
9063
12476
810
3440
11706
11413
4393
7912
37332
12972
5976
22870
35756
35380
5923
6698
12777
5628
13629
6595
315
14653
14918
9118
6864
2119
4008
7004
10957
5364
15665
10835
5063
18880
1990
12561
28049
21667
28216
6109
5437
1518
15645
16758
7827
5283
6530
3123
20482
25628
5527
9852
4886
13127
11469
19650
12310
8954
19572
414
13097
1908
26338
8886
5787
18968
5455
23774
7834
11665
11375
2095
12516
25641
37627
3798
2767
7667
18708
577
16376
11139
3764
12121
4791
3314
22171
4293
5495
3241
5795
4938
3133
1519
5405
27237
20892
3228
2995
13822
15282
6662
5238
4463
4936
21243
13509
6619
3742
3845
10898
9986
1301
5522
11222
3201
1380
11933
5181
10505
14369
30384
10753
9842
904
24265
28931
2775
11345
6030
1142
6227
4488
6293
23755
13136
11349
13130
7478
4737
10681
9144
11968
4205
14757
4760
3223
12342
12954
16117
983
23653
8933
14279
8169
15385
29099
8063
20003
8637
3130
11995
15641
14663
9914
6135
2770
8420
12359
4430
16601
10687
13796
4548
18289
2694
550
16787
12730
8108
10433
7660
2304
1644
5687
9878
5230
15740
2714
2361
6033
2958
21591
19591
3171
5812
17560
9996
12162
17049
565
38604
16912
7837
5965
6857
5508
43222
9585
19137
9098
10015
4426
28913
6644
6952
33305
9763
28635
8040
24065
11387
2750
30055
1700
21578
6175
13690
12873
11037
2717
19183
9324
11890
1462
563
35799
19079
12496
24147
18746
17259
7975
15014
16874
4046
4211
5960
3687
9299
11488
10607
3709
8973
24935
5003
6635
8916
29620
6752
2015
8382
6535
10117
7392
2891
4925
15345
13615
2959
6680
14430
19943
31273
15598
15014
8621
15798
7855
15598
14268
267
21815
9258
10266
8034
16503
7651
1105
31888
14489
40760
2564
3773
25442
4581
3436
4644
3101
15842
12122
24483
3666
8327
6184
11710
23398
8062
3170
2570
5188
21070
3332
16702
6693
3256
17507
18660
10848
822
5127
3152
1814
4129
3799
11124
5732
2768
1914
7724
8687
29693
10607
8346
2076
5272
18958
4340
9552
10329
2893
8765
14879
2378
9591
5766
7831
8470
3516
15765
692
7012
16984
3309
13244
17921
22170
22570
8355
5023
374
14187
4825
6943
24679
16643
5947
19843
6656
3496
8635
9674
9291
2540
4491
8506
7620
4324
1895
5471
11164
13479
9837
1315
5016
5234
22818
6975
1199
16764
545
23512
22472
12257
4023
7227
3539
5094
7136
2938
9395
14427
27608
1898
1476
16996
14295
2481
17334
11247
7090
33941
4831
9948
20086
7177
12354
5670
2937
9424
9159
18704
3431
4166
2135
34585
45205
21265
8199
7050
29089
2835
12549
6246
4493
14350
18112
7454
4669
8801
19624
18256
17810
4769
18194
4172
1820
26391
19365
16600
1839
742
8422
8028
3454
5641
8194
15659
27838
27657
1602
10734
6939
16745
2906
10724
5470
5723
6669
24365
10308
11390
2617
7259
3883
5630
11180
19569
64932
40549
22029
8927
8933
15305
2767
3654
4933
11642
10841
12673
1398
13639
3357
29454
19223
8720
2883
30908
14275
9588
4342
20583
9847
3968
25558
7581
12316
7697
9937
12831
2373
15376
24300
5619
12545
29425
4782
14080
8600
1443
12596
8120
5004
34918
5813
24547
25087
33213
12594
7534
4689
1794
4977
4602
3327
9621
13705
11677
8355
14181
6903
10176
18486
13307
8664
25166
9346
8110
9123
5791
3483
7449
3117
1880
15529
5811
971
1687
16394
6125
10855
30659
11604
19174
8647
5334
19022
1627
4813
7962
12238
6437
12820
1082
6421
6323
5661
5187
13464
6093
14295
14823
4311
2874
2389
853
23809
11701
9166
6991
5131
2502
7706
27760
11995
37442
21098
1457
14786
7707
9607
23623
2532
19556
10805
13987
10323
7646
361
13219
25628
9369
13017
5654
9808
14775
9452
3937
13208
5588
9127
23509
28604
52608
15700
9191
10925
6240
27962
8233
1025
10721
4208
16006
18617
6064
22663
5984
8219
7139
2519
17057
15560
20531
3480
4636
11094
8726
4012
9204
3343
19807
16737
1379
8682
15833
8051
8364
18825
12068
37756
14049
9829
4486
9658
1704
9666
8043
715
25266
36819
13070
2364
25346
1722
19939
7059
5801
16582
6262
18873
8813
14837
8555
4752
8196
27202
6103
16030
3194
6777
2780
3793
15676
22019
1985
22779
19979
3149
6615
6117
4569
11436
11753
4761
22797
24963
2846
6252
8764
8529
6612
15645
15623
3728
19711
30268
13608
5683
5816
25165
11496
6658
31439
4089
27563
11713
1783
5538
5724
11495
11134
24861
9198
6186
28722
8163
5794
16419
12659
10741
5244
6038
17205
14662
12545
15064
1729
8535
7234
9925
7513
9795
11765
1239
22797
962
4391
14004
9133
9224
5914
11193
15619
7496
3450
3229
6194
3703
20081
16694
24269
4902
5320
6920
37343
7800
3349
21067
16059
16739
1152
7637
11919
6496
12989
3289
25811
7891
20675
23077
9020
12190
13333
19562
5635
5299
4149
5157
26645
10491
24065
10454
8923
10179
11432
6272
6559
4638
26986
6656
8989
11208
8919
6695
4458
6234
2789
2464
80463
1455
18515
17319
3849
7262
7710
5852
1032
16843
3871
15299
3681
5997
21520
13448
28629
1696
1731
8554
22251
5528
6008
24129
2230
2443
6038
3269
17970
11704
10671
24137
6853
12722
8715
22163
9618
4422
1301
381
10287
9107
10282
9464
3334
10663
11882
1498
19598
7722
7450
8115
920
501
6490
7111
9577
26331
2917
1715
14356
9556
2991
3204
14885
7605
31079
5652
2360
8154
15836
24877
8868
10949
6337
3120
15923
4457
3797
24131
5880
15290
14931
9991
7628
13488
3712
6829
9269
10875
16248
10758
3818
3760
14394
10809
8319
21606
4445
10584
903
24976
23748
3413
4853
20768
13974
8126
3946
11532
4412
2167
7236
12379
11141
14425
856
18433
17961
21491
22594
8161
4614
4739
5323
4290
5022
4390
6997
3865
4267
34451
23437
22502
9881
1347
18693
17609
8495
6239
5287
4093
8896
9406
8026
5711
5268
4550
14570
20928
19971
9797
5465
16090
9597
2584
15909
6053
9445
1100
19406
3006
14484
19542
5841
23601
5155
915
24532
15843
12969
9266
19233
2924
5203
8089
34003
6986
3934
38311
5498
20078
5052
4340
14274
13762
7842
4418
28912
13065
6654
29453
1872
4540
2018
17805
5428
1776
14917
2205
910
1353
6911
6738
1346
8176
20377
20009
2324
3986
11092
8395
10282
17044
5193
2490
20569
2430
13629
22647
27884
8440
3672
3757
2826
4243
9198
1754
34902
4603
7502
26852
11587
995
7114
7556
2018
3209
3862
11408
8166
4579
3806
8595
15518
9020
18487
33433
40367
6035
5988
22558
17511
896
6719
5152
10797
3087
9156
22712
15755
3038
13573
50133
668
7400
10275
2542
9580
15397
10608
25146
8567
6034
13571
7535
4583
27401
5254
6268
33115
6041
5256
7266
13113
21260
22171
15233
1186
5464
643
4197
4342
2944
14732
10249
27110
12677
3131
26352
4649
16532
8571
5224
12727
14171
8940
2183
8180
773
3436
9063
9521
9432
7081
5071
2868
3177
32735
9201
32596
18377
6939
16438
2977
3585
3373
30393
31150
4115
10466
23496
32454
27855
17476
28876
9259
2863
17863
10975
10569
13916
4090
12319
7187
32310
23899
20322
4002
2790
7508
18089
18800
18154
27055
7986
8852
4311
5873
4672
2404
3551
11416
2055
2622
4993
6915
31493
18831
15151
16203
23847
7729
16312
3269
2133
2840
17102
3084
6532
7465
11421
8708
5523
12764
10294
16426
16408
3539
15788
3425
2612
17714
52887
13220
13481
23926
4909
2870
4062
24835
9073
7386
3735
4109
12124
6206
7660
20519
7802
18980
4311
15719
3888
5632
2619
13783
19255
12696
8751
3227
14428
12201
17611
2235
13222
4275
1008
8310
3850
2978
14800
4788
34922
3837
16703
9691
2927
3173
4774
8800
8272
23390
18244
1379
34147
8478
7475
5215
8569
15428
3794
5551
8592
19507
9528
5258
8336
2687
743
17086
7313
8839
6160
4223
5958
6637
9078
6961
19967
17728
18024
31689
18859
1323
12760
27242
13530
12706
3348
6999
3257
3234
36328
6809
26163
4648
15604
14163
16196
23240
3611
11014
3748
6228
21283
9624
6575
28905
9270
10359
6294
21140
24283
4704
9161
2512
6129
2587
14458
21471
25995
29582
11317
2850
8670
5664
2429
2463
1194
34956
7963
17064
5127
1895
7917
11624
6577
10559
15882
3969
10345
9439
3501
7856
21340
5745
1533
6585
7404
11522
5059
7081
2364
10631
17971
20003
13156
6705
21619
7588
5673
13659
16006
4963
3834
7082
7999
12286
8661
7237
23980
10567
9401
4575
14716
4558
9822
4689
2957
21329
12357
8392
16298
11343
6797
9937
37273
16410
2074
1995
4726
25923
3028
2220
1121
26745
16263
8990
5158
16727
2700
10712
20210
19704
27910
3400
11107
20590
6829
6187
14927
8204
2522
9224
6175
1955
8927
15582
15019
2517
35773
3279
3539
1060
7666
19242
8866
7091
614
7691
1199
8004
33037
5043
33040
3316
7982
4551
31385
4947
3621
12217
2165
41166
2780
1383
13268
8565
15387
1295
10885
4086
14054
5619
20488
20773
16390
9287
11969
4070
3299
31164
6971
2365
4149
4770
12488
9914
4679
26556
9814
1417
15575
5114
23992
6635
8985
14068
5643
18375
4119
7265
22312
10986
11525
11331
4271
9977
16001
19519
1077
24512
3293
7157
4952
27467
7876
21511
1966
4544
17710
7267
4640
3078
5541
18144
17024
17300
5221
1836
4399
22630
7913
9186
4773
4744
4620
4597
8849
1635
10004
11077
3171
3968
15938
21327
9624
11642
5345
383
43223
4810
3586
4115
2457
12525
1840
29211
990
3533
13397
12979
37205
4656
3490
12130
1925
15165
4254
3224
5924
21170
15363
5155
19096
23557
5671
270
3018
5290
5644
3647
8298
21453
9703
8711
4461
18803
38484
11573
32017
3189
27168
1353
190
14286
3231
11456
36015
7890
22571
4848
12989
18075
13779
20596
3454
7232
10433
8223
5472
18228
460
1033
47723
17498
14478
5159
4569
25961
1799
5821
23034
7811
1418
1241
715
901
5590
16722
33322
33188
4693
10699
31369
10610
12042
3368
19757
11099
35262
5390
6775
1809
12534
2597
2126
4417
30046
999
12527
5282
16938
52956
9186
19174
10914
14414
7281
38715
8339
6216
9919
1085
26081
7049
3595
2659
2832
7858
6330
5053
12571
11351
33599
6067
16941
13100
2828
7865
12604
13505
6195
2146
2877
4120
16585
2075
3803
2824
5311
9212
4106
6916
22125
1965
12252
4704
1787
11215
2334
3771
5062
13621
4159
6009
5082
6750
4417
3037
3113
12170
3334
7399
4786
6870
3703
7566
13351
20742
18828
19817
14803
9193
6541
21051
8150
9569
10285
3717
2975
18275
19184
11948
4942
2671
14046
23445
1575
7284
3941
22355
11938
10058
7828
5034
17959
3623
13550
8521
18899
15769
10553
4974
17399
10224
5867
7204
1621
32015
11161
6909
927
5957
20485
5460
21036
16030
14549
11729
7876
9799
8767
21956
1993
3429
2900
9659
39522
1508
1257
6957
1914
5221
32762
1802
5501
22051
12791
4569
19243
6015
5923
11405
7966
3540
8385
18709
5086
14021
27341
17575
2323
15519
19612
4138
24891
20898
22576
17931
16892
9523
2962
3479
24096
13598
6923
11763
16330
8826
1766
21558
8363
3435
12104
4990
21591
9902
2661
14784
2807
19887
9050
727
1184
13050
10518
27773
21065
7449
16887
8187
9947
9273
20980
8830
34816
16243
4133
8058
2865
17161
7152
17940
23865
3017
8251
24860
23377
1312
8716
3216
8559
17428
21179
907
7271
3333
14981
3729
44810
28784
11021
20840
9544
4239
17429
15770
4715
3372
19639
1526
502
528
20874
7350
4041
1539
8732
44589
15819
6004
10377
9500
16325
3502
4574
7120
23743
11244
6912
34492
960
50419
4310
2908
1974
2403
22310
11425
4864
15460
11380
10249
663
28864
9686
27785
3033
33639
3414
10042
5900
6649
14621
5213
3959
1749
21564
4722
8330
9299
27248
4151
4809
3431
7208
7986
7018
15235
1204
5504
1089
19821
4979
15825
3954
3090
12885
21348
25588
6834
13137
1911
8642
15488
1282
5903
12557
13382
7473
11499
5695
5607
2425
6413
10015
1578
7462
16759
8759
2368
886
6433
21105
28007
6696
1666
5550
7455
11990
20801
1503
335
22669
11127
6098
13867
11530
26705
12400
7397
594
15724
29675
4496
55912
21760
10841
9235
15775
2306
7458
6291
17960
10970
4116
6487
3416
9157
14177
3231
5193
2236
15006
4676
4376
8329
6524
2397
18172
29460
2966
46235
5246
16458
9425
10664
11103
7138
8701
9452
2082
13500
5226
8306
2828
18216
45147
10887
9852
1552
23833
2011
4183
12837
5272
10519
33559
17824
8313
14112
422
4107
26551
14357
3567
4392
7210
4602
2446
5926
2444
2312
6836
14548
9278
12481
30334
30333
6640
875
11492
14374
14096
5746
11085
5057
8752
20752
3954
5799
9489
9203
2635
16508
48573
916
15358
22762
26645
5096
18323
8059
1262
10047
10398
10404
8785
2433
4377
13080
33338
20851
11842
8825
20061
20445
12601
39906
2477
1981
10204
10006
4425
10150
20531
9570
9413
17695
5811
13715
8969
8925
23460
7701
2885
7807
1038
7500
5647
24553
13265
10204
8640
11656
5945
3641
8058
18367
6138
15761
5630
3422
1032
60244
19954
3117
8437
2321
10460
13779
18270
5523
27606
4168
1332
9438
7970
1169
12714
18067
2356
27490
6668
33153
10038
4086
688
2323
6390
7144
13592
6671
7345
5493
9733
29200
13960
11494
13341
15706
5685
2918
7022
13557
22069
42230
15045
17297
14936
9159
18926
6663
2136
39857
16999
2491
23239
3094
21994
4429
6641
14820
10017
13171
19745
17957
44811
4046
15300
9194
5164
2110
11090
8874
20820
29032
28222
5784
427
3325
5236
11914
1306
14228
1445
10819
2313
3667
4850
6539
14744
2104
6220
5448
6582
3197
10727
2742
1681
9424
2254
16347
21135
8107
5250
5265
7519
5888
24883
1419
26057
2415
8837
11535
7897
2870
17072
17058
9906
7888
4058
4728
16476
20671
20636
2570
24178
13868
2527
4028
2920
5637
5393
28644
40252
3282
4077
7565
12386
10563
18933
6283
1601
13160
1970
6687
12616
3841
6544
7144
1269
12631
28544
7581
31122
7935
3174
9644
8376
3381
4782
15428
11773
6498
10638
4698
1523
14460
7606
4611
8718
3833
12282
5169
17278
2595
1092
12586
3932
10073
2121
3436
14329
2344
4162
4585
20978
4013
12858
12889
14855
7561
10269
1576
14467
3428
7197
1579
4568
6457
7853
20468
2913
15658
3917
2082
10908
12879
4047
23844
16356
6170
10999
11334
9282
14280
8333
3579
7263
16911
11885
4958
3323
2831
15927
8712
15433
25295
4259
7185
19434
8795
19634
4034
19922
22178
2814
10493
2986
4689
1691
682
9495
16488
13643
14169
14236
7078
13966
2315
14749
7642
18083
5847
36303
6924
6167
6422
3005
2909
9577
26857
4479
7704
7570
20685
9486
15388
18699
3588
2783
29205
38263
7488
8981
1806
1348
9270
9563
23415
8923
7432
11795
7054
11780
38182
9890
5292
7374
6958
13507
4329
23803
1862
8485
2450
9020
18309
16928
11097
27619
710
1315
15205
30122
6611
8664
18086
7104
9240
2067
3243
10201
2658
14613
7451
7694
6788
2190
4351
9968
18465
6382
1511
3077
12921
24088
5807
4677
21002
3457
26438
12732
483
21609
12931
1446
9959
1182
15670
2340
10316
7739
12459
6402
6593
6789
13836
5355
2832
19828
6007
6765
18382
9259
1494
346
25072
14901
12631
6554
9284
3331
7231
8570
26987
17550
2944
2973
2867
7326
5535
15563
12200
20681
10669
16800
6042
2398
3085
5442
1636
18543
6276
8077
23831
12365
8343
19701
17935
6001
12778
4838
3457
7445
29494
10504
11705
5393
10050
10760
4003
8033
4408
4829
15004
4108
3068
339
6145
5517
5412
4639
1603
18315
9829
10881
5843
1267
1049
8371
13124
30531
16051
5156
17549
2948
12784
5892
9363
2835
11653
1249
18864
22945
1216
4721
5408
11810
13142
6717
2872
4478
11889
3551
21869
33560
4829
24900
21278
10151
17700
18003
3868
4445
14869
5689
25999
5829
3765
17284
8558
8357
10323
5574
4161
13970
2527
8703
21258
29162
10358
2311
5528
2033
14205
6554
14632
9479
1662
14998
11666
3179
17847
1201
24474
2321
19133
5258
7866
11443
18211
16443
34217
7494
10069
12963
8718
3292
1407
3786
9804
2648
17953
3750
2687
8570
43835
28154
3487
5522
6201
6683
455
46531
2441
12260
4175
1582
13253
4248
1017
6453
21364
16864
5310
22876
12372
5015
8930
11535
8229
8999
19124
21313
8908
9050
10356
4530
4112
12696
4781
2247
16955
5745
25802
5540
30111
10159
26112
9463
8595
9110
21603
7925
9519
12614
7530
8834
13092
6377
21661
5166
6284
3832
3863
8898
16329
1563
18852
2094
11823
11352
20228
7878
1855
958
2589
4359
9352
2496
7341
9129
8487
29404
14552
7683
8180
2333
5579
6764
5666
30217
7883
1428
635
33520
9443
18235
14800
7742
38382
11447
15845
11967
34030
15161
17263
16297
1445
22072
12826
979
10794
2793
4005
12974
4115
8158
7742
2121
7855
3012
13701
4789
377
8538
27662
16120
6300
11306
6674
514
6604
4891
3704
4895
13452
17681
15706
13890
3602
15694
10288
2391
3591
13385
5084
6010
4132
9371
30365
15091
8732
13554
5231
12734
22419
4655
9353
7164
9643
8721
12113
5958
5006
4573
27418
1317
7055
8098
13072
1674
3210
4918
8153
8278
16466
2682
1696
8254
13923
8585
21681
3671
6058
21181
2746
24223
19634
18737
1394
3641
6783
5706
12521
3257
1056
22891
4796
6576
4593
12954
12181
3794
8745
2666
19982
5419
392
1956
10679
7649
23370
244
4591
5329
3087
5243
11966
7229
7994
6548
7219
4096
9252
5704
1528
12058
22563
4581
11306
19394
29891
2820
1751
19607
16169
10693
2615
6917
14051
8966
12833
16890
13835
2964
2313
10056
2290
7521
11642
10062
2353
745
18854
10038
22375
11090
6367
2273
8650
5204
10216
8490
22033
3519
1243
13463
3769
6435
3884
19801
10588
1406
2995
5253
7602
11292
34991
9201
6098
4744
9094
4623
1912
9886
11776
9048
13749
3562
13228
16285
4181
3354
6776
3613
2933
6101
2553
11866
17696
7417
1228
11452
26739
7388
13909
10368
4338
9113
2474
19094
31673
1571
11718
1826
14367
12385
21004
979
4339
11428
9324
11359
8820
4598
3731
3699
5304
20920
2002
3552
756
10853
1795
4440
13178
4004
7723
6711
5626
7447
4279
1920
12530
4497
28834
16844
14036
4499
15233
1836
8536
20524
37727
8568
16630
22694
8098
8676
13735
17386
20793
10243
5075
2378
3214
14347
19263
5191
12826
8910
2917
24909
10252
10742
14453
13637
2514
8193
12309
1777
29840
37849
1937
3000
7038
18045
30293
5909
3696
6362
20067
9947
5143
13256
23874
6734
4529
7276
15873
1535
7079
3005
8689
9919
37571
1613
15975
8907
4062
4689
16620
11356
3238
9933
4143
9508
2498
11085
18969
5252
6802
11056
8638
23540
5046
1668
9727
7240
6588
3040
3492
32159
25175
1570
1834
10541
2585
8612
9233
4454
3106
7142
5126
9028
14053
7153
10050
8265
1377
28558
18403
5878
4910
9373
9591
6420
11417
18601
9011
21288
15639
26633
19781
6235
7532
7948
10953
2480
4050
1377
11214
2597
2912
18625
12125
26813
7957
4191
397
5142
13425
1074
6800
21629
1770
27705
17563
10761
8282
5338
4692
11843
7467
3106
1849
6517
8330
18131
9260
1139
15575
8578
518
17010
18024
12798
28534
19461
12716
32490
16133
38309
3880
31711
13731
1985
4532
10136
15123
3634
9660
8959
6524
2799
25153
6712
25175
11145
7946
9565
16776
10627
2917
7554
4541
518
3137
9843
12492
2918
4049
10393
1066
3856
3096
10379
9794
3375
8260
6232
5613
2319
21535
2920
1181
11584
5932
3727
2091
2184
2917
1610
11435
2305
7533
5501
4499
2924
1514
6155
4692
11173
5870
15656
2915
11484
22434
4875
389
15774
4892
895
13482
13474
9210
18607
24217
7990
10716
12644
4467
8516
2995
5555
15266
1669
3635
1686
2588
2736
19028
3735
1516
42092
5732
23812
12534
7673
3905
3338
12555
8727
3683
3564
19731
12542
4752
22487
2160
6151
2457
7294
2865
21988
10124
6419
4485
5673
666
1346
15664
8902
20901
8721
1668
3373
6495
5627
8006
1481
3415
1339
4985
18335
4298
7934
16605
6791
6532
2899
11187
18782
15180
19382
6089
6773
25103
5739
4761
4851
16430
6577
4169
12135
12721
553
3505
1614
6205
3335
16416
8525
6243
24064
13731
1129
29189
13343
10468
4153
14922
6399
11969
18428
10857
9858
19468
2382
13697
15206
21798
8933
310
11516
5453
2411
6738
9678
6515
6090
5169
3875
19741
3656
17447
9951
2833
5227
10012
1961
4438
7076
38195
23773
18145
2409
9528
8845
13984
9908
5922
7055
21111
14650
10861
3609
7503
7294
7293
1662
2918
5006
6385
12768
27539
12677
6642
9200
4203
6340
19770
5448
3624
4459
2512
3392
12511
4482
14243
7889
7203
2573
4415
2702
30098
5632
15495
9630
6783
1324
14977
5081
9171
21535
11159
4852
7186
2140
11891
8452
14759
16971
17600
2254
14971
16278
21555
12723
21813
2763
7248
2001
15190
7066
5768
7930
3159
5450
3589
5278
2769
26700
26089
8008
5125
7958
1579
12159
14034
56945
1624
27158
6383
2139
12276
2764
1092
2378
11259
5259
3497
6764
953
2526
9744
13337
21271
6546
3316
1902
7641
13363
7239
9351
10104
7348
15485
12126
7818
6477
4919
19506
5590
2355
613
20549
25924
3130
1567
1653
9774
5346
4037
21218
11783
3024
17076
6817
12628
1972
17485
5310
3177
7323
9972
3859
19420
11510
2485
5278
18767
6230
2231
4236
2086
8990
18970
6607
11460
7456
1659
1310
34223
24739
22272
3539
8711
6198
24562
10813
2231
10651
25377
1196
18645
11931
4272
5843
22547
5477
17257
3600
22977
23407
4444
3042
16690
25241
3985
2381
4678
3787
2512
15767
6834
4836
4992
12413
1759
11151
6969
7371
13747
21719
9604
8205
27530
2437
7787
958
585
8270
5915
8958
6178
23817
27349
5184
4366
20349
23950
3473
3015
3873
4908
11293
6818
10128
3876
19399
7027
11157
5267
13434
5967
7177
12043
9598
2894
7994
8117
5989
2997
1776
25569
3696
6127
43363
11651
6512
2371
1126
2756
8613
2206
11519
24924
8503
8208
17258
3201
7724
3736
7782
2505
12986
24900
1097
916
19418
4564
14018
2987
4872
10571
16540
17215
24845
3618
6834
11113
4956
2182
16106
5306
7446
3329
12669
1999
11030
4714
8390
8149
5130
9476
6227
855
9359
22387
7008
8267
20452
7255
6373
4358
9516
19883
18876
3906
3385
6680
18091
23405
16725
16692
12440
9554
4749
11038
2966
2779
5061
13939
2752
44513
9227
5533
2736
6968
2286
3896
1623
11698
7622
18330
7269
1840
9693
3387
2546
22614
18121
15641
5888
2314
9539
24082
8088
14278
6782
10550
17032
24222
5279
4358
4764
3033
2424
15289
5322
10574
26132
12676
5441
7614
15790
25904
17106
7369
22164
4630
5018
4065
4317
4941
4919
19369
13313
17327
6815
3030
9822
3640
9907
11669
7416
9771
1754
2093
1352
8456
15662
20022
1124
2000
2752
2728
10228
4562
5451
3631
9748
14872
7383
7988
9165
8017
7654
11549
13274
1969
1741
4377
4905
25316
21727
24713
5141
2145
5053
5519
9699
3811
4725
21548
6294
4326
750
3572
8368
17951
11743
29294
30793
12665
1370
6971
1896
13385
2507
20869
4340
4913
11995
13892
3064
23636
7199
4306
2533
7000
18596
3789
4756
4548
4136
18684
7640
399
17335
15957
8029
9069
10549
7691
41355
13365
23084
8816
1805
1170
2050
4281
1559
5819
2039
1969
9698
6897
10444
22372
13940
1234
11340
2566
7198
1541
21689
10399
10341
14442
2023
2326
45284
2382
4700
4761
8742
7224
7915
11735
12822
8546
23293
2284
10283
1829
10278
9972
7045
2316
7938
10710
1675
26163
12034
6142
3360
13881
21788
3970
8557
11027
3654
3565
7438
5463
14359
11087
7703
15240
39280
6232
20010
6991
13766
34836
4868
3949
14411
3130
2132
23494
8781
1941
19260
5457
1911
16127
4387
4306
8802
16707
3721
7489
9627
6961
7935
5930
18575
9586
698
18274
9305
6336
11347
1214
21019
10173
5240
8504
2034
12428
3597
5007
3030
3531
12576
2037
559
2009
3404
8723
11660
2966
3937
9769
12212
14203
8800
15578
2560
12426
4069
6426
3917
7060
12083
19141
6389
14807
17215
3769
2181
6953
3580
14324
1106
3438
4455
2550
7462
22718
19207
7782
5462
13514
12304
9349
13681
2960
14219
13267
17683
11283
709
2992
14118
9036
10121
12235
10676
6243
6624
10086
6964
7511
2319
9584
7227
4080
3253
1956
3022
9985
3307
2044
5488
10484
19360
19241
13535
24486
16821
5158
9919
8588
2241
5844
8439
1465
2965
18664
5652
5818
3995
3745
4429
5656
10003
9554
4127
10097
17144
27224
1597
20365
9788
13373
1726
18821
13684
12137
26078
3200
7701
4691
10835
25152
7472
15233
22778
17066
2660
2489
12038
8054
2015
3690
8384
5519
11381
12275
16331
824
4699
7194
11646
1306
10637
12369
15639
2626
2982
2343
15505
2808
12388
6155
5375
15198
9411
8004
9371
11071
9066
2686
16107
12313
3748
2700
15131
1674
19063
16940
4923
5801
4965
4413
18335
6940
19745
15486
12337
17717
5033
6720
3480
23946
31143
3931
16395
3316
5035
2726
11193
8605
2024
8701
6352
19404
10045
4180
2321
941
7025
10048
13548
17449
11904
1774
4713
16539
28402
4070
15025
14236
6980
3013
8285
25799
10740
16295
6825
9527
6062
10373
1939
2866
10748
7415
21648
38646
11946
10314
4600
8562
11865
12199
5055
10656
1025
18770
15105
18557
6190
37200
11014
10558
5557
15390
3950
23370
11268
1328
7126
5266
4412
8098
11071
1665
441
5757
3869
20344
18517
5840
12410
10663
16977
19926
5761
1709
25903
4536
1612
10296
22720
2634
5358
18457
16089
14650
9500
9150
27253
2685
20832
11315
1764
12477
2937
3400
997
4259
1752
4219
3874
3507
13900
6173
3708
7256
2341
8051
8393
12232
1533
10068
8047
4999
978
700
3514
10651
5265
14013
5037
6409
4592
11156
5474
4718
1353
25802
14913
14528
10939
2315
2374
2894
5905
3924
19145
2845
10239
11512
21934
5598
17414
3112
1589
3594
3475
22950
2531
18509
2777
4542
15831
9933
12919
4570
15116
2267
20913
17671
6079
27377
9661
6157
9230
2264
11596
7862
7215
4400
2108
11096
11544
33132
4284
11552
12891
7965
3186
22305
2453
5739
1323
25481
9025
5888
12365
8551
7456
19231
16748
16943
17518
5553
20128
24831
8775
19814
4216
13831
10509
15027
7192
6303
1686
3025
3434
6691
6165
1131
10884
25295
11473
6227
20137
6525
19235
15067
5367
15357
5759
12566
1460
11151
22064
5809
1887
4555
7155
13644
19143
662
2470
1728
8185
13041
11276
3888
17218
10032
14332
15053
3160
2466
4793
6381
15575
9180
5995
10673
1261
10436
4158
2417
15200
7684
19404
22236
6481
5749
14879
2132
2221
19851
15436
9694
5648
715
11111
9632
9199
6348
14338
17680
2075
7987
2625
5600
16478
17790
25034
7572
2201
13165
7288
11969
12384
4982
9103
7961
5131
11810
2982
12582
7248
8903
6568
24278
27959
12786
2951
3444
10047
11897
3829
28255
12833
18571
6789
38059
6700
5189
4944
2414
6179
4550
6293
6213
12647
17094
5294
3406
9318
1656
37898
16949
1206
23738
12130
16821
7267
9480
17598
4201
2381
13626
30423
14703
18684
2255
10393
14073
19606
3470
3787
10363
12885
5887
3369
3130
7860
5986
12609
1736
5384
2741
12856
10099
4241
9956
2490
2549
14587
22342
5458
9319
21512
21480
13498
1477
8310
17865
18144
12947
43599
12083
4172
6809
1930
16531
5317
2616
9184
10960
2224
7951
2358
28362
16421
31031
14920
22900
3056
20026
8888
6843
8955
2863
21613
24561
11878
28562
15955
1649
7660
5001
17487
3406
13656
15402
9909
22019
2873
2550
7780
6704
20166
1592
12262
6019
2747
18600
10836
16795
2668
2215
17526
7886
9542
22990
6066
10314
34526
3596
7644
20114
14977
5279
11931
2002
11683
5775
8319
18986
6622
13076
5213
11467
10619
6843
10884
3944
9320
14751
4406
11688
31538
3049
20065
16814
6551
3891
6854
9241
21740
7643
4103
6986
11191
10943
21778
3744
13825
5670
13628
15120
16276
1446
5145
3914
2890
3639
7687
19506
8057
8833
2655
1222
12839
4649
29302
15580
5042
16088
4846
5468
28263
11476
3708
2512
11618
9435
691
19183
14878
10638
12758
2562
6821
9074
5548
6233
2248
16232
6663
1706
8228
6386
15658
2901
10715
3696
4575
1597
20610
12410
2548
1550
6242
2026
12860
5682
16919
7860
9583
3598
16922
7044
82833
15690
14321
8964
28993
3474
12001
9358
2439
8289
2204
1168
3504
16672
6159
6671
18942
7091
19374
19094
10113
8647
9102
31486
17604
6296
2575
14752
12161
7279
2142
18932
1650
5940
36383
3810
9747
1508
10788
5506
3650
17205
9117
8245
3690
3288
12101
6039
4831
13610
8154
931
8857
2260
8958
2397
2925
8914
8833
5436
9697
1233
11503
4252
6980
14021
21926
7240
2581
6911
14850
5898
14681
5266
3186
5154
4124
2664
6880
22415
1919
5366
20956
1927
6937
1427
1930
15941
14159
4411
10045
4097
33469
1584
8413
5389
7473
14753
4864
14233
5160
3926
6962
17235
10819
11013
4650
13961
9547
16188
2991
1791
11194
2102
9575
5816
1639
3928
19953
5947
17499
7050
8916
17335
30713
4542
2940
1180
984
3121
70076
15883
4935
23270
9421
4041
1410
6004
3424
12226
7695
8720
12043
8316
2771
2304
6319
13329
10115
2223
17736
20526
5502
