1643
1459
928
1070
801
24236
2399
2878
829
2204
43499
3011
1601
409
3669
2666
171
877
3299
1786
811
1148
1695
1874
1506
466
1765
1346
1031
1475
1117
3168
445
1228
3374
103
674
479
1160
1707
1315
1102
926
2600
1966
946
1639
478
884
2258
566
658
330
1285
2408
1152
979
899
489
588
242
1255
1088
493
960
118
1486
3178
2607
1493
1016
1769
340
4448
824
1184
28279
8993
669
510
905
1572
1318
2494
1312
10894
1344
535
3117
317
1434
11970
1801
170
686
3363
1471
1500
799
1206
1075
247
1082
1302
1250
649
527
143
156
270
274
1681
984
573
1005
1088
1450
1355
1177
761
2984
1666
829
750
1186
746
260
139
1453
718
633
105
149
1949
253
347
8698
2346
2177
1047
1744
25501
6281
517
942
367
124
125
1159
266
166
406
364
921
56
1626
753
488
1435
190
245
258
1784
4629
2244
312
3800
1505
452
242
1829
4581
65
1083
321
845
1029
425
790
917
94
2639
643
351
2642
1210
594
349
1007
1409
1176
724
1702
5196
733
527
1156
1390
400
3223
2930
540
579
307
1734
184
249
7244
154
1582
3637
5193
393
1593
111
484
318
2272
1931
476
3172
165
2408
592
730
336
1880
276
1371
306
589
275
478
351
1424
191
1534
325
1066
1024
3522
501
2046
15262
256
375
2307
792
334
2144
1641
175
1533
4480
2459
399
1417
610
177
1014
850
2318
679
800
295
1771
232
3223
2447
272
1176
1975
142
5813
416
3040
643
576
36
290
257
369
1506
353
1154
147
755
467
3790
400
455
1615
782
1547
275
480
1078
138
653
315
1600
434
418
342
1321
281
2114
955
1535
1603
152
135
1959
3201
417
816
131
867
499
281
157
501
749
1609
1080
2599
1705
574
1985
555
329
738
633
1116
13632
319
295
399
166
753
1142
1484
493
204
1030
108
750
1214
316
910
1755
139
259
362
486
555
812
1311
10739
185
312
539
1595
170
696
1182
914
713
199
3157
1751
793
1249
786
5456
303
1314
108
144
242
999
1166
488
195
1192
2324
203
102
1738
534
465
2595
273
636
2377
714
107
1215
124
120
414
2813
632
719
348
295
1489
191
762
564
127
336
385
2607
1552
250
130
356
2087
362
4371
3281
171
508
2665
809
2061
854
2567
602
9736
1699
1912
842
821
1521
817
1390
3171
1003
199
1569
2827
352
389
1331
7655
929
1227
400
107
1014
962
280
775
598
690
230
594
531
1808
1509
1113
19550
224
109
574
198
1145
116
1285
1038
3754
1086
242
2424
1522
511
145
1370
676
1865
263
1389
245
1460
288
1020
220
362
2392
445
143
1136
1893
1173
432
411
2713
554
253
727
1636
167
1134
120
4341
144
2954
1714
770
2876
698
716
1055
1069
554
695
1032
1125
159
2400
2231
501
741
782
238
1682
539
266
316
115
165
80
2901
225
606
276
83
1193
1297
650
2175
1592
1592
66
1931
3069
65
2227
343
571
252
2007
327
213
172
975
284
1559
379
381
212
1561
179
1871
745
269
1518
149
143
273
879
247
355
647
9339
157
169
1182
201
262
4400
511
1697
360
360
2726
83
1632
880
1141
4124
871
2483
273
1382
1148
1231
1480
461
354
761
1894
313
828
1298
768
273
2044
1100
887
1852
828
865
833
2358
404
358
62
611
91
377
95
6414
233
799
72
157
1197
1288
497
215
327
6897
2492
475
220
1167
715
1351
1131
202
1712
474
152
257
1529
736
827
863
263
2620
1533
543
998
2403
1334
4721
322
695
780
703
403
95
129
917
1649
573
589
779
329
1447
578
2525
936
1747
9088
1846
74
412
245
1470
169
535
480
1062
1327
301
630
1943
352
399
2146
184
1300
615
168
2368
432
2034
3377
395
253
329
1036
643
894
2264
1054
103
902
65
569
421
1933
1992
633
221
499
1691
2413
188
52
1583
1158
91
1943
814
139
1025
1129
2566
1038
97
1113
1293
847
74
6401
74
2474
765
171
1219
211
198
1116
1075
1563
725
964
119
196
184
2227
78
1327
21295
213
1551
255
954
102
1252
251
658
1076
315
851
389
216
168
128
379
404
92
935
1445
8926
1563
1776
461
231
264
374
550
714
209
1079
2279
897
361
930
495
903
116
766
469
1900
4344
1347
2795
541
543
963
1860
463
188
180
1009
879
702
768
75
1724
592
1302
1449
358
211
125
3195
1028
766
367
2218
1244
430
1235
245
11566
2071
51
365
174
5122
288
148
1224
794
850
3607
199
1651
1230
1771
1232
842
3350
3194
297
1735
2485
327
2116
269
138
1069
1532
351
107
916
290
638
5787
1264
798
3015
274
234
1927
628
1859
1402
720
521
2063
1792
1103
2417
778
1256
292
887
686
917
143
1404
1776
746
893
184
537
197
877
1897
1273
1081
174
1458
127
267
694
1116
68
542
2094
869
252
545
1161
855
676
976
785
566
279
46
1006
359
1156
959
310
944
320
293
895
1822
987
354
1469
582
5422
78
1480
33
1225
166
406
69
1244
992
1837
1969
320
828
48
3369
1600
733
657
108
1032
897
2593
2254
819
322
1553
2751
3289
169
362
488
957
1001
567
1477
411
897
356
397
433
1335
92
1075
612
168
406
224
1264
306
451
1333
1118
187
345
109
551
2819
1704
228
89
1369
641
377
731
604
559
910
792
815
3688
4230
158
1531
279
2709
252
1714
1109
870
1599
1015
246
2151
278
945
67
490
777
656
71
1645
949
1177
737
102
851
1631
289
1266
1373
4937
533
177
2560
204
1019
159
201
1692
2155
1220
748
910
1190
1847
4870
4091
438
976
829
727
712
727
187
577
1290
1973
2604
609
134
385
112
1842
2175
4531
451
941
439
480
1245
658
823
1044
315
310
515
250
539
638
1302
2460
2303
313
163
1656
2331
803
1544
1358
1852
310
290
647
278
8880
66
1005
241
1828
405
408
98
269
1142
457
885
1283
750
1292
1763
392
2012
2192
1430
363
137
353
107
1705
778
767
979
1775
1086
780
587
536
283
1825
1304
557
988
1038
960
732
485
1616
841
2004
97
1593
777
456
632
2035
6202
4141
290
152
708
106
117
12605
759
722
295
1157
2126
822
1052
949
110
1704
53
105
673
615
612
4661
1494
147
2659
621
731
1207
1176
286
1925
1126
982
346
778
348
256
1612
3415
147
1335
1512
387
1727
558
2623
1994
2022
3136
655
963
66
3377
906
1280
336
2531
764
471
1218
533
866
2405
105
260
1609
1036
1649
91
1288
533
1055
446
381
164
681
282
1449
542
2773
1128
220
2695
1754
385
2246
195
1568
1012
820
129
339
860
597
321
1184
1365
2304
610
569
567
188
894
356
1304
356
916
706
1741
583
127
344
3056
988
1245
629
4372
2423
539
1059
715
1964
172
227
313
791
208
927
199
310
2592
1447
1221
1036
2226
985
3960
1947
238
636
137
1131
950
683
852
220
238
629
57
407
247
2421
299
412
687
731
453
109
959
160
77
964
460
250
424
115
495
525
1244
945
93
1369
1319
840
389
529
644
2841
679
725
1061
2638
286
563
3125
1320
4414
1847
3925
453
669
1068
71
127
267
1138
1007
4899
85
917
647
640
279
2072
1071
654
862
582
456
6333
631
525
668
720
659
2533
1202
259
1704
1638
653
618
364
697
364
533
337
216
450
1129
80
448
602
62
3746
121
1500
254
1364
153
13553
870
1029
1268
1843
762
1912
568
34
1064
1634
982
897
2957
4499
213
189
1078
598
1110
1883
33
1034
235
234
537
274
782
1420
2041
1912
1858
1990
50
338
349
92
679
371
1352
1077
947
1252
501
574
11949
2932
1172
493
414
1706
546
711
5801
527
3835
483
850
690
1393
346
216
1652
161
2235
724
585
890
570
112
844
1997
2135
668
152
376
811
106
3289
70
286
47
699
418
633
714
1086
120
1037
780
3573
162
172
200
491
1260
699
865
375
1669
715
538
4396
461
1320
1102
1594
1325
1227
645
211
1141
196
2720
823
5118
1133
397
456
4901
1796
117
4431
618
2401
817
881
459
1680
1234
1497
357
467
454
1413
232
1029
961
1078
158
141
2860
139
666
397
331
281
300
1047
554
934
2241
698
1481
508
328
1205
661
857
249
206
1284
381
1531
2654
902
1913
3538
905
598
97
506
1490
420
446
1502
2350
95
1026
124
1457
780
53
656
982
1038
164
226
1097
85
8806
3098
506
876
155
1090
974
109
470
296
1278
1330
753
177
1561
115
216
895
1453
2600
365
973
179
567
230
719
781
423
1110
600
1970
2496
51
78
1113
9839
235
1032
863
250
844
145
116
607
1377
240
565
515
681
576
295
604
1102
1010
675
156
904
1263
2008
2001
2720
2514
289
2950
1000
1255
1056
1024
702
290
1112
1001
996
558
1015
265
244
1532
568
2073
1655
268
3085
320
2873
735
1380
353
668
319
87
1014
1007
1202
416
1284
1254
980
455
3584
1235
1057
333
179
2794
921
1258
82
319
751
395
717
174
1017
1713
356
884
813
1176
1034
147
1828
1332
98
86
2880
1782
783
566
602
277
1984
993
487
219
1540
142
591
302
1932
142
86
3244
714
841
645
1431
4695
1032
625
2270
1387
76
3420
643
408
2056
572
312
2351
784
794
326
1100
704
632
634
2217
123
1188
3470
1421
284
2122
1352
1641
681
1143
177
541
521
1087
317
1431
636
568
861
377
1923
1163
1130
187
233
408
1857
2141
983
449
818
649
855
2021
275
1900
183
1011
195
164
2132
363
1097
134
753
434
1221
1498
65
580
122
652
1794
73
902
326
265
194
784
606
88
1743
1299
129
1422
1321
32
1365
1290
334
825
1367
294
3007
2293
127
1267
1464
1600
1316
1411
462
554
119
289
296
442
3744
3114
1965
1140
2663
160
362
550
393
31
315
307
223
2328
1963
532
1158
338
910
4481
86
1650
1158
1290
263
598
182
1133
1558
276
431
3446
125
1069
841
363
2005
653
194
468
761
3841
1624
1758
9974
328
643
1881
490
166
867
1113
744
969
755
135
977
116
421
252
2175
1070
2420
1511
735
1796
336
1415
2947
1723
1589
207
932
1094
2574
3338
87
307
201
1224
5779
645
1058
316
164
210
430
446
883
2106
662
2677
528
287
2426
859
40
497
3351
499
291
2481
2008
572
1102
625
515
1669
151
1315
1486
597
1286
410
1211
873
211
190
1183
734
928
575
1653
808
180
1012
586
1242
879
635
293
1182
2448
55
2013
1095
313
934
903
160
1463
144
436
1683
1201
340
1274
2611
850
1086
481
663
348
1691
420
486
1381
352
143
485
794
2568
791
137
551
1228
1877
879
1678
287
71
480
1043
1141
970
1200
242
1158
85
251
44
1214
402
704
123
8636
361
1438
495
3688
241
1011
1055
1103
1076
819
1488
1832
747
101
1153
5018
3726
2432
790
1148
1051
1290
1652
4676
300
894
2209
1749
1084
198
626
84
224
819
1368
681
1514
691
566
127
199
877
176
350
640
987
911
235
1725
977
123
595
2169
62
4224
428
1672
405
4326
1302
3053
181
3396
71
295
383
143
956
454
1440
895
1695
205
402
899
91
1506
4294
429
448
104
1618
1674
1258
451
3626
1411
1135
1415
565
1266
2347
2953
207
248
4441
5042
44
359
946
114
821
707
1030
1491
859
903
279
295
1004
2544
780
832
3665
304
194
586
1912
2100
359
326
2069
103
747
405
358
449
661
1247
273
480
1965
378
2679
83
738
719
266
766
480
1955
631
928
1969
5175
1237
1248
3171
3134
1099
1072
436
1585
54
127
539
70
349
830
878
1113
586
2156
2796
1868
158
264
1715
442
1361
3774
559
575
591
2429
1981
573
1107
1572
1335
1140
961
1647
1166
154
288
1078
128
7414
1030
3499
1363
316
2978
1287
128
107
708
11707
861
250
2137
155
14018
504
1019
920
1848
229
2168
746
286
354
630
1377
1920
917
1364
461
876
1362
650
3827
1890
347
197
212
668
657
510
2282
947
666
329
398
1335
2247
592
1571
1990
948
190
51
100
62
209
2986
6390
1510
358
1439
1105
1558
2159
890
93
560
695
1408
1342
714
561
461
60
359
941
378
332
1505
770
272
887
349
367
1017
467
8310
674
3489
1288
509
761
926
394
2179
1185
5241
4998
1462
167
1713
1516
487
437
885
853
106
2328
838
506
139
526
196
3866
547
941
790
2144
1493
207
757
1030
539
992
325
633
1587
1957
350
514
1018
500
277
3008
3937
2269
320
385
326
671
299
2420
593
1058
446
1326
951
4354
1469
324
312
640
173
350
798
2340
1199
339
1754
1112
394
1122
848
1016
1454
221
1145
1171
543
2017
695
1096
484
1311
506
1152
174
87
1010
814
7611
443
220
1756
484
474
885
3780
879
602
536
85
155
656
985
1304
804
247
2351
104
664
652
261
276
1105
561
248
741
291
322
259
1074
799
125
146
175
746
126
358
539
572
690
1023
1887
447
696
190
1751
1272
1186
742
1168
1359
872
1619
126
2185
288
199
2795
621
357
456
509
178
68
683
1501
893
785
82
41
898
2539
704
1625
1854
456
118
295
654
1967
1630
479
3659
1757
2066
2422
577
4523
434
1181
610
483
902
2298
1370
537
1500
484
1494
1073
625
374
628
1730
798
200
1522
1647
3755
2333
1456
646
338
176
2150
834
7083
1119
3550
334
910
409
547
5631
1093
1334
2809
1916
728
893
860
98
1484
1936
271
21
1900
298
2667
680
605
1047
501
599
1646
876
1744
420
276
1178
814
170
813
944
261
513
2393
233
5140
457
2013
89
538
495
984
868
1118
283
270
144
1901
583
2586
2271
906
385
137
640
426
894
977
425
561
1402
703
1098
3244
1347
1766
291
257
1494
435
2968
3626
1979
1014
2530
133
1303
1257
1294
715
1223
241
55
4131
340
1261
973
315
143
592
1398
578
2092
663
376
527
2035
634
489
4125
510
1165
361
114
5928
564
923
445
789
482
181
595
1606
531
1098
865
5682
581
2305
171
311
938
14268
1149
1694
1282
331
1709
672
376
228
536
1512
424
938
945
501
734
133
1711
379
1155
304
415
71
962
101
638
310
221
269
170
2635
424
339
1675
1243
1225
570
2765
377
3691
1024
1601
763
269
1441
472
2864
1921
805
4091
79
332
155
929
409
698
245
677
921
1266
1027
1858
151
1167
1798
1273
846
1577
2179
473
1008
860
1693
313
694
403
356
2773
1414
1243
1975
764
2055
429
348
437
337
11151
1941
1667
134
1940
2426
383
385
156
864
1190
854
1196
570
85
575
216
1026
597
115
529
505
1436
39
510
3088
1181
7757
820
1198
301
442
1114
1678
793
1039
1813
2218
1688
1096
330
918
1448
1229
283
333
122
245
736
704
2397
508
194
747
196
337
617
1295
1727
684
849
35
1051
243
732
278
1273
353
274
76
755
546
258
179
592
941
488
110
1253
1649
79
177
471
3838
702
6637
1140
1613
784
1004
1251
732
455
333
734
268
667
371
983
2393
1564
4754
766
1210
662
650
1466
750
1252
475
2162
5072
1322
2025
337
40
3787
752
1643
85
921
743
185
458
818
464
2797
688
1247
903
268
255
15111
2035
152
166
97
387
609
2697
144
731
327
2210
616
749
1211
458
858
58
1248
201
279
814
4336
131
1309
1034
1031
190
58
1288
1192
794
678
1296
1639
548
114
708
165
345
613
382
1268
219
222
62
800
1169
432
541
4600
843
556
360
273
1141
226
635
1726
338
2498
572
1166
1108
557
471
2209
398
1795
1574
1428
1293
527
74
1583
1594
383
572
596
69
1740
966
719
1038
2095
895
515
2745
1737
2091
294
683
917
2761
81
546
176
1044
720
236
693
1327
152
114
6461
2687
691
825
569
95
304
855
127
1892
266
1555
875
242
110
221
364
1429
269
400
375
604
523
672
708
1416
262
2129
279
145
272
2033
1608
1583
519
102
140
647
1072
669
1957
543
914
852
210
757
472
1657
1173
94
994
2949
464
630
351
671
990
314
402
11775
149
66
1250
253
251
697
516
510
671
1370
227
1736
647
2022
1326
242
680
3814
1055
830
7846
127
157
399
475
355
520
888
1332
1107
997
247
363
1099
340
568
648
318
1052
2141
856
2942
1122
627
784
1784
2806
2464
631
1031
1311
1276
403
519
847
841
437
74
708
88
1546
321
2226
1929
1519
500
59
145
3551
940
765
631
2261
901
270
832
300
2293
402
1013
956
621
406
1272
1377
204
617
417
505
413
716
387
940
174
653
1627
1770
3149
1288
3466
699
491
932
685
1069
404
31
790
262
312
427
509
152
378
2253
1241
436
3508
470
483
86
1867
433
1179
359
3016
1263
76
1019
1964
490
3046
494
274
1309
1670
730
815
1596
286
1567
2953
936
1726
2079
1881
93
1146
1182
89
104
1294
1301
268
661
1017
408
2409
891
2480
1591
371
994
501
585
340
782
143
388
112
2541
1360
1469
2086
682
69
685
554
1145
1373
183
1678
2531
2040
115
493
251
1018
1341
278
2030
802
239
196
1100
568
1440
1421
915
89
105
63
83
44
1460
529
723
800
367
458
669
65
1964
2034
858
2846
2042
406
1333
1051
2970
2145
2458
997
105
1717
486
241
1071
197
162
1591
1671
84
2027
268
1049
4335
4384
994
509
91
1208
387
454
1790
691
1139
1692
1072
339
2443
293
842
70
340
746
2784
58
226
392
2249
794
196
1593
169
298
253
94
581
331
1180
1066
1018
969
2289
1586
95
962
584
234
1085
570
1093
730
3876
1445
1217
1997
1229
798
258
87
3958
547
349
327
157
802
758
542
470
3132
428
1211
1859
819
294
168
942
756
381
2543
2270
3870
1730
730
238
2203
3269
482
2348
1237
654
452
601
634
726
555
1663
1422
178
219
157
1410
1934
345
550
722
597
1942
324
1572
637
1852
764
4610
260
246
40
53
1258
171
104
2302
342
1251
515
1132
1225
687
231
289
1018
180
741
67
1407
547
1825
459
2831
633
986
460
320
141
328
284
506
608
1144
1924
329
495
374
1395
1118
604
481
364
2484
1799
73
284
1034
111
470
196
2129
102
2280
350
457
2421
561
1616
262
85
258
2451
1622
447
2235
522
250
8648
1486
378
377
535
520
416
5330
460
62
273
994
2539
1503
79
156
693
2986
800
1308
81
282
156
619
571
379
1024
347
2389
658
148
43
842
1286
203
2577
273
583
476
1873
182
2695
333
255
1010
630
714
143
246
1150
695
925
224
924
364
832
1665
1583
1278
203
70
29
1740
750
205
784
234
81
590
534
825
776
629
652
596
756
2035
705
2144
1280
384
989
593
707
441
3076
1017
392
71
175
966
910
2253
3586
788
1817
374
687
731
192
182
1936
845
450
1777
1809
1488
260
881
635
445
989
1971
1080
728
522
1209
1975
831
621
317
773
88
212
685
350
468
537
2475
1886
510
1887
2248
139
461
833
727
391
857
226
2422
438
555
511
230
4764
367
530
1612
451
355
578
2546
286
789
258
759
81
2165
1384
3258
141
766
563
2442
88
1027
320
1511
544
271
473
890
283
808
1461
3096
3243
348
883
1146
641
297
537
1023
349
487
7152
1815
395
490
348
551
1445
13215
1835
181
1905
195
592
25
1214
137
748
617
364
672
610
461
511
764
683
1527
669
738
2450
732
5231
157
531
1107
478
2088
836
3284
47
995
1062
2195
3015
169
1198
322
1281
389
356
196
108
1174
643
535
3279
193
95
606
893
890
198
204
1176
340
173
154
1297
968
549
2658
94
2059
373
2651
461
930
1088
463
3180
469
708
1515
520
1421
691
4106
755
1929
2229
2626
768
245
641
26
245
230
654
1678
845
1341
3544
587
102
288
668
405
219
120
336
895
3107
80
803
159
604
450
309
1071
80
1387
2343
356
1309
87
1708
2276
764
160
937
577
607
858
659
290
1112
4136
1042
1409
2804
1459
1191
1490
1184
2104
451
921
1294
2275
2055
3633
152
2008
134
536
352
321
1382
380
689
375
651
803
335
677
1353
1440
604
1153
380
1220
1518
2091
330
72
1528
423
435
271
66
1289
659
205
335
3557
2127
483
1279
318
1284
715
126
446
512
126
1070
693
162
1109
1300
733
486
368
1066
869
638
1047
3390
405
2640
653
1541
2042
720
730
759
1267
285
532
853
160
384
1004
1846
573
624
409
2406
105
287
382
1812
1334
3326
662
242
591
1201
1216
211
1965
457
1121
751
87
2021
364
2239
3017
361
781
1041
999
915
52
890
4336
1334
927
693
253
956
3631
363
1669
580
1169
199
962
1820
129
1291
298
1999
210
360
278
568
1173
1396
264
1000
1209
599
140
963
863
727
1011
187
457
685
94
364
1484
88
1459
704
192
850
1413
911
1572
101
2617
108
2298
1050
1212
1167
1014
1265
443
2093
141
1233
386
1357
347
1324
1666
943
232
228
162
461
3246
520
910
295
412
410
880
2270
42
1075
1003
142
208
143
1972
276
116
2645
3637
597
1063
1444
811
132
1119
703
319
165
1159
1671
2060
346
710
2834
99
189
3816
2108
1378
1642
282
493
1702
1928
2443
1049
6830
535
1805
647
369
1580
603
1608
414
207
3176
469
949
1327
617
897
401
2703
710
1017
686
78
1018
545
91
598
1163
1208
734
163
1575
202
436
2378
1420
833
576
106
223
501
34
1633
487
678
180
736
810
241
2009
425
689
228
404
584
197
543
2154
455
1607
117
1579
622
63
654
607
669
814
151
809
63
1582
714
958
830
786
806
528
567
1470
1696
820
834
390
599
1444
1983
107
151
2305
1186
678
978
6099
577
966
1945
274
289
85
82
509
512
3752
1033
651
1202
401
102
569
1456
1267
517
327
331
1671
975
1833
414
258
90
226
1663
4691
1253
483
211
55
935
671
609
589
5008
3989
322
319
751
447
57
348
715
889
556
668
1512
781
352
73
1844
908
929
1784
275
928
360
391
1697
334
1658
419
64
1440
3126
788
1793
359
140
951
738
855
303
1414
131
474
416
67
173
529
1839
1023
2575
153
420
333
468
234
566
52
128
242
1070
394
840
156
1294
1198
774
1119
829
756
476
262
94
1063
519
159
1845
1082
344
87
1640
96
2083
747
1472
776
829
259
3138
765
1557
962
228
1189
1169
687
1034
1370
2116
70
1226
542
592
739
515
186
1326
1703
1551
251
695
731
1452
339
846
1857
381
1480
1005
543
5886
55
1476
366
124
811
1093
323
697
286
1656
548
406
2156
121
871
768
1617
357
267
194
1107
828
635
153
718
2348
191
350
2463
114
1302
1818
186
556
359
1112
321
449
352
1779
151
700
589
232
1252
1596
3029
253
249
632
591
1205
1117
335
474
866
216
2757
375
246
27
127
182
1451
749
217
255
389
25
308
3219
90
214
795
622
613
136
296
3283
872
291
901
952
446
609
766
629
301
356
829
211
308
1134
150
827
1208
283
424
156
388
545
516
517
972
1361
674
1067
167
1903
790
507
376
237
29
1303
3945
162
4147
291
340
4411
707
165
826
870
599
1472
2063
1818
1423
52
528
172
607
198
378
363
334
186
329
276
719
494
886
275
69
53
748
1351
817
196
466
199
192
4254
270
717
1936
1034
1057
507
295
327
1733
570
2531
227
1814
562
1304
1847
953
72
2634
560
963
715
896
488
497
3915
1215
198
199
2811
380
1194
378
269
474
607
129
1520
1027
1160
467
3261
1130
717
1435
746
2327
878
658
2582
535
217
1637
483
696
220
433
454
643
250
1107
538
1210
2325
902
844
514
1631
1296
779
324
163
906
395
268
77
1904
494
634
425
533
1173
47
305
400
1507
687
1510
1888
287
272
1682
404
906
642
167
550
629
1013
192
1666
691
103
161
277
349
648
295
262
1266
505
4500
276
843
330
1865
519
3617
1557
459
2235
249
307
932
3070
678
37
1739
852
1886
224
181
651
41
1195
2343
378
1340
847
884
493
630
277
1470
13168
1325
368
3834
220
1203
870
758
1405
2080
1195
1371
338
1152
1160
831
103
2342
1034
820
1766
563
33
1736
49
996
3202
1186
1039
513
1565
878
478
502
308
370
433
765
410
294
799
8470
4912
2350
139
719
557
3370
229
511
903
590
151
1441
1751
81
338
163
1251
227
31
592
1968
1854
791
3130
405
1273
178
395
774
3635
563
1716
380
153
584
3331
327
1588
241
910
1640
523
565
754
110
406
2426
677
822
2087
918
638
498
1527
981
2364
1130
41
90
840
151
985
2095
1231
1007
966
156
528
576
434
736
188
941
469
1141
1011
861
93
1885
1921
958
879
933
316
799
276
1343
297
936
100
268
660
443
3094
431
823
645
1240
903
227
608
5042
485
103
119
219
975
2320
791
572
572
242
830
345
405
1034
176
151
205
631
543
813
308
434
739
952
352
898
929
966
383
2566
2392
455
475
805
70
796
7031
1774
771
474
705
345
748
783
253
632
94
79
1703
326
260
701
817
37
291
594
183
1492
355
1356
1587
1817
971
202
134
1142
284
73
1530
340
204
917
4490
2822
2413
630
611
826
1440
504
525
259
117
1193
312
1122
570
819
505
2388
217
776
444
177
972
43
173
3063
99
854
757
994
177
103
498
250
463
131
1480
1144
928
1440
3203
349
412
363
2874
833
157
978
470
117
438
2057
46
874
870
757
578
117
109
779
866
924
642
425
127
299
128
349
3022
91
192
649
717
1039
1574
88
1113
727
629
1002
717
579
571
1690
206
791
1463
1153
242
2518
89
847
1555
1970
273
256
1262
345
58
597
834
2118
1152
690
294
390
46
279
400
865
1212
338
249
281
338
215
775
977
236
324
4053
908
93
415
241
2326
3787
302
240
584
151
581
900
491
142
162
795
291
1140
2877
166
364
808
546
214
911
273
633
453
704
977
72
409
101
96
663
483
1150
1478
1794
685
1253
444
253
450
303
508
1419
476
178
465
326
506
1588
1541
1527
1310
1278
580
106
1892
428
6012
1212
1416
454
234
2786
2497
107
2366
190
1466
14103
546
640
128
684
1287
1083
1925
1773
472
1516
2122
552
564
732
2466
1223
450
62
1035
556
242
777
915
2436
83
488
478
231
1242
1041
2206
771
1029
438
171
458
656
199
262
1248
444
1246
523
134
844
685
163
1465
991
51
445
737
492
1119
1249
147
221
92
510
797
521
98
483
112
7857
1037
606
588
88
2465
1120
667
504
94
1825
710
1667
269
1803
63
120
475
462
1891
160
818
375
839
564
1646
369
191
76
86
313
335
255
3102
796
313
69
1935
451
142
910
726
1136
1802
848
144
2286
1483
898
522
99
253
563
2351
768
1232
1054
1613
289
2665
1594
697
1678
665
3541
158
170
182
269
417
487
2619
335
1883
603
1463
722
1345
659
1952
797
189
300
847
2291
463
564
4865
1127
1502
762
1379
700
1993
1250
1336
2618
694
777
626
147
1637
626
1138
231
548
1137
176
420
102
205
139
4604
554
518
850
598
1319
580
387
781
295
190
2733
284
379
624
619
1701
124
270
1070
2200
1419
172
633
1223
625
504
1663
245
708
222
125
1668
361
973
265
751
406
589
816
1404
652
220
977
202
736
423
3346
2680
1519
2745
670
364
358
870
701
325
74
718
1184
502
413
2016
184
47
2267
555
3229
575
1635
1627
837
192
967
2325
308
344
311
749
1462
108
617
3471
1257
367
1026
330
201
87
1136
4876
699
106
350
203
1601
857
915
409
246
1805
134
933
219
286
18778
58
457
201
96
801
367
355
492
824
1048
3076
2272
1168
144
373
643
165
856
635
982
1245
1571
76
376
1981
492
820
561
335
1522
173
550
1588
920
461
2557
722
617
136
1545
2520
1602
446
267
3444
820
161
836
141
1029
640
507
2267
130
2481
854
2253
432
1278
689
416
638
150
323
930
461
674
807
619
1123
574
365
1005
642
292
471
1438
572
920
1722
315
378
944
80
894
3093
472
306
525
399
97
1298
197
429
1041
1587
1065
1680
1072
1001
126
189
365
3781
10693
1147
1740
346
1298
1542
2376
128
391
1425
855
1492
417
303
426
685
163
400
469
487
335
972
494
197
393
383
241
724
694
2464
158
195
2027
176
804
1180
587
602
387
5049
1894
363
191
1033
336
411
2259
300
2066
2487
454
1241
692
173
273
840
922
891
2213
388
1469
292
128
68
344
1565
255
1070
433
611
208
198
436
339
152
2184
572
1093
1075
585
314
336
96
144
220
1860
348
1427
386
1425
1238
1127
138
222
1046
626
193
799
493
914
4447
366
10655
584
2608
585
2567
260
560
1642
455
679
530
618
274
1939
610
526
1103
181
281
1947
1045
1812
780
1243
850
639
367
861
265
2219
1464
846
1148
903
222
450
68
261
916
1516
885
262
3286
426
1057
4571
467
4665
2190
646
2029
1234
723
349
203
232
1344
576
877
196
103
85
286
182
79
1090
565
2624
934
936
324
576
917
457
237
986
285
143
408
492
607
2705
93
1240
998
2346
572
1098
498
1984
1163
1301
1151
358
349
1121
105
812
52
484
1242
327
917
189
148
96
329
797
488
209
1784
9905
534
75
265
3531
1794
1431
1115
333
199
399
179
1172
85
632
1860
913
284
343
400
226
119
336
267
629
417
1576
150
1247
1413
251
555
1152
4388
203
263
812
889
402
839
677
427
436
250
1157
232
127
156
255
1729
585
910
522
1117
314
638
66
699
289
452
561
390
415
314
227
215
120
1489
329
630
716
87
3321
727
689
837
971
529
448
290
472
2194
697
6972
279
1284
1135
209
613
1215
1109
350
539
916
765
2505
883
592
1827
456
551
267
402
2105
410
581
1716
1054
171
2371
237
527
131
554
197
573
373
257
980
1651
903
442
1872
609
161
208
143
65
2344
1237
852
463
718
476
605
227
977
546
187
142
1220
2223
236
970
1714
311
1305
338
374
336
55
4138
371
499
605
1033
147
676
776
1394
1532
449
343
119
1801
228
2161
2908
425
829
968
133
564
1439
832
1362
550
1133
1041
769
424
786
793
188
2139
871
1163
420
786
96
273
200
3952
58
1453
2540
1065
1923
443
51
1096
2384
621
1665
370
2005
345
3347
194
153
189
852
775
303
259
89
812
499
1072
2787
1108
2060
1288
710
84
801
2348
816
1848
117
1542
1247
971
515
482
474
582
1269
1237
2718
508
654
212
279
166
155
882
519
562
146
4129
354
933
661
610
544
1023
954
659
755
271
1075
719
1050
358
866
2754
459
578
1272
1676
1386
1099
969
604
195
741
1183
217
468
264
553
1344
861
1323
748
678
764
2289
505
223
773
334
117
473
282
2941
154
1534
91
511
849
1807
517
192
152
77
307
517
867
460
372
2683
858
695
2020
340
460
124
152
366
508
685
292
871
1092
2032
619
615
92
1775
3462
828
3381
1713
108
387
5402
431
1055
378
365
446
91
168
745
1380
983
2797
269
212
394
1926
196
475
690
841
837
678
135
349
236
2348
2128
1304
323
141
410
2143
1023
3517
133
582
1407
105
185
232
738
161
172
1392
87
2759
129
264
2106
531
531
859
840
296
966
880
158
347
1349
259
819
597
514
2493
99
1091
578
67
754
616
878
236
590
443
447
998
828
119
68
245
816
1273
186
498
218
769
615
507
668
2475
287
1069
40
553
318
651
337
1014
257
268
501
634
960
865
1335
537
2958
617
1057
348
254
567
193
290
504
854
497
676
27990
731
985
406
107
2220
187
187
3947
1562
718
1543
370
532
582
588
431
233
79
662
66
2687
1665
730
1060
699
639
54
479
384
1067
1516
979
552
300
2948
538
1454
443
359
85
1603
473
1209
2295
201
2306
941
934
1006
261
799
490
142
275
2039
216
953
1191
1478
552
971
123
803
623
151
983
217
496
1767
921
197
262
130
1766
785
287
169
551
365
518
300
82
465
452
263
940
3214
1340
1268
954
146
942
520
271
522
2624
677
821
893
1021
347
1704
1165
1121
65
1628
833
1443
97
1842
642
243
2382
785
1158
1328
1178
280
309
187
776
305
66
231
25508
1086
882
668
573
997
674
275
1005
298
945
84
481
138
433
2161
634
564
505
1182
210
831
666
1852
160
108
194
5493
566
120
993
399
1210
150
1467
618
877
186
3153
410
773
493
742
332
179
328
574
1182
87
323
185
351
998
996
3781
400
776
2500
1590
491
334
1810
489
308
1683
364
1541
147
715
160
756
167
551
365
923
842
155
770
6223
1771
1841
524
557
659
154
69
138
328
28488
1064
1601
841
265
470
90
862
1205
402
854
189
94
136
192
1229
139
273
527
442
2018
129
1708
1918
863
63
996
1116
2120
365
105
729
1869
505
93
241
841
1907
991
1023
1031
384
7765
456
344
680
3061
615
263
553
53
179
44
1426
515
34
1204
1239
794
688
541
373
2351
1221
713
1246
1627
1297
616
216
575
515
59
137
653
325
288
873
686
166
421
987
475
1627
549
1446
1272
1568
23
1006
104
2269
1571
174
957
420
178
501
331
365
341
488
1604
1461
853
181
141
148
2614
330
197
1443
250
671
4654
330
404
319
367
81
1017
726
232
106
1471
904
221
1657
2449
107
1315
849
459
4213
1468
25
1582
295
287
1863
1672
267
192
284
198
95
333
836
2556
1952
46
882
846
856
81
1472
1178
682
226
739
183
2780
651
563
668
891
659
1208
615
2745
1064
310
464
745
994
112
138
539
125
705
1644
704
431
380
403
211
276
85
1393
1696
143
21171
2019
808
1696
405
625
170
429
425
522
588
881
572
7591
455
181
1034
761
354
1379
684
80
315
281
1504
1189
196
342
245
434
160
970
774
463
599
1657
1493
1993
199
1311
832
231
192
1047
384
320
511
119
1207
591
494
1026
90
1577
314
506
361
891
150
203
752
5630
598
1004
2136
766
957
1013
383
309
3740
235
1319
818
1215
1456
155
691
502
911
725
646
595
512
954
48
775
278
165
2606
1060
279
814
839
276
471
275
1050
579
309
344
1525
377
388
1765
279
1373
802
77
1238
568
462
201
616
508
2330
207
201
897
238
1103
281
989
730
12419
50
401
403
533
1236
516
187
152
103
1439
2716
563
304
368
782
94
132
406
182
372
335
92
144
676
606
273
418
2093
300
201
256
1194
1619
2039
2343
690
529
328
333
412
514
834
495
1709
1202
1748
3068
191
186
1327
984
306
264
135
282
1048
594
183
164
305
691
1549
558
681
77
803
102
284
156
173
605
551
71
2951
1218
1068
1100
1136
184
168
968
818
95
1134
242
2460
1012
411
925
599
163
198
2998
863
599
684
1821
1077
1786
325
698
867
465
1170
2452
566
301
856
169
133
107
3216
2476
198
746
889
192
47
1494
475
313
296
231
3885
879
1065
1043
1690
352
848
734
2129
1446
1159
971
106
768
634
380
431
122
644
166
382
941
198
1244
738
90
561
738
360
515
135
2547
367
116
77
291
1265
404
197
952
135
164
621
312
176
1939
387
108
1163
1840
3903
629
340
716
578
779
306
465
446
403
505
770
316
72
999
382
240
448
256
769
1828
846
1718
663
1579
471
615
1217
695
3808
1466
675
715
69
212
311
1179
710
831
966
793
404
1788
443
245
1346
261
2420
983
173
1049
2693
732
275
692
1009
251
267
777
1342
320
1272
1764
1487
633
1793
727
71
468
638
486
166
185
221
677
515
344
472
72
150
238
744
1668
2255
478
631
307
227
1990
549
862
506
7898
632
1028
403
317
1737
54
1300
848
1107
264
639
877
2737
1700
2475
4451
1492
611
516
180
93
77
326
324
449
110
58
108
417
1041
1614
1615
1022
322
77
893
307
70
2750
276
473
471
434
363
266
948
888
758
772
57
1614
854
323
1191
4697
405
461
516
464
299
1005
177
346
417
776
1432
638
1267
143
28
447
1481
401
1199
2818
236
534
168
995
969
367
450
274
4146
116
1558
181
1923
378
1005
1086
636
1413
2689
202
483
300
431
469
414
1278
279
191
581
3144
215
380
113
59
641
2073
546
541
422
1120
775
836
284
438
389
576
97
983
3050
1187
245
1031
284
683
718
230
488
1157
2610
90
234
479
566
160
1178
162
484
98
1057
231
122
924
116
335
392
975
296
315
105
572
218
2201
226
1526
57
1625
805
1125
1072
213
1610
492
700
730
125
381
92
451
497
783
1278
2084
138
330
911
771
553
2648
123
137
348
565
361
1870
457
322
89
1649
180
258
209
3533
1248
111
479
212
48
3349
940
1170
474
52
1954
6692
664
1728
475
1466
221
2791
856
135
127
1228
1698
1680
634
1616
400
232
1517
256
1169
1037
957
292
268
874
782
279
402
2230
856
638
650
609
602
741
330
123
4232
120
199
244
212
88
432
427
80
911
1519
636
902
360
725
1011
917
266
672
2309
1047
601
229
413
343
211
864
520
308
1631
1371
528
140
125
1052
1197
700
286
512
122
791
1308
71
108
636
1149
267
973
166
160
1909
350
153
1053
58
478
1250
279
2379
1694
529
664
4450
236
607
618
382
730
408
193
440
658
75
53
309
239
1648
803
1328
173
1366
798
80
1444
372
201
2056
591
485
460
94
162
253
1507
1971
1160
778
955
483
1052
290
490
1454
2482
1590
256
276
709
55
233
4889
504
1351
3612
345
669
324
1589
450
1739
159
155
272
581
101
546
829
922
1129
188
306
419
178
205
135
421
109
201
60
84
539
458
917
1926
227
219
2314
82
373
885
1537
735
755
250
146
461
385
244
746
83
1151
1137
298
43
2273
1074
1632
510
1894
809
155
169
394
567
957
160
726
1330
912
778
208
595
1117
367
1573
204
58
74
106
336
63
395
473
1875
1429
144
1668
1414
169
925
757
299
977
4619
681
939
3169
226
984
1032
123
486
692
326
138
281
5888
439
901
695
2539
267
592
797
1626
845
859
1023
814
572
588
792
1066
139
160
823
953
694
472
964
989
822
327
161
35
510
719
164
126
111
78
1223
143
1753
124
216
673
820
1018
152
1253
613
914
919
345
669
1046
503
24
1377
818
834
164
977
1237
471
859
486
155
376
351
123
1699
72
925
415
530
1379
1592
577
1112
564
400
170
347
254
77
935
1031
1330
221
222
1803
722
1137
274
218
890
164
143
172
281
159
1384
1134
90
600
249
1496
1093
1967
897
1021
617
659
3446
587
1309
1637
1191
75
1924
833
2289
388
265
216
316
143
416
419
84
115
178
1223
23313
352
150
680
211
927
696
264
543
1391
859
521
177
36
162
95
917
469
536
769
1072
1544
272
236
551
311
753
540
2319
1252
1561
2618
2954
223
532
1061
361
950
604
597
539
3046
929
1639
194
125
87
834
1188
301
629
1560
590
506
395
686
527
55
499
155
1276
744
630
626
880
218
1779
486
1214
320
686
1667
734
405
817
794
812
166
1013
688
406
1424
225
467
508
508
487
613
680
107
162
254
754
736
788
12692
115
2211
1383
867
3037
225
2852
417
789
715
503
501
593
734
205
921
408
305
1063
166
490
513
140
1657
335
477
304
680
1059
1084
1194
533
160
264
937
224
518
113
609
209
707
304
365
263
328
282
522
427
1241
709
176
2117
422
247
361
955
2681
3252
225
352
213
155
1702
225
2243
373
322
706
810
115
408
112
1666
803
289
513
364
680
518
496
318
1554
1467
1145
849
570
2255
699
294
337
245
401
137
937
216
283
1617
917
601
407
356
1235
105
1473
99
957
4590
1219
55
827
355
1216
1071
630
129
224
543
185
354
537
79
661
133
117
689
470
2178
2284
195
565
361
1518
461
237
1130
183
2764
318
466
357
323
647
1321
167
713
232
1420
33
365
193
562
229
100
839
1030
633
5320
62
1019
6065
458
1502
980
725
197
966
215
1099
494
1011
851
204
567
747
318
1206
229
355
200
674
521
176
995
517
693
1417
32
880
239
297
754
709
1139
116
386
389
307
5163
393
171
1671
830
235
256
1155
239
98
395
1915
2076
1958
83
404
762
979
381
375
642
1622
3729
414
441
467
172
322
246
279
1213
2080
1562
1824
1241
1078
203
504
128
222
107
372
121
318
174
513
627
504
415
169
4504
1484
1119
553
225
1973
541
626
2024
130
337
916
83
209
221
1660
838
1094
583
2355
569
706
227
952
3837
71
928
244
172
403
190
508
147
123
232
478
309
1222
392
2806
1255
2287
630
715
1237
961
158
222
426
450
129
518
158
415
721
355
850
548
648
2702
502
1345
1098
3293
148
89
1856
730
287
1584
246
110
655
188
629
348
1215
397
783
703
675
704
499
562
936
368
624
414
534
324
568
77
901
293
1489
371
363
329
13407
511
385
1146
620
3411
531
603
604
147
193
1675
1808
239
199
383
598
674
108
291
1296
741
1845
2240
429
310
668
623
1498
353
202
239
152
98
89
165
45
405
1213
494
691
1540
532
161
268
631
742
1049
3926
676
241
1274
80
109
117
587
2526
964
418
331
949
174
189
315
319
577
111
126
1777
250
87
330
895
107
641
1356
701
814
3750
2508
2641
2235
731
363
3975
175
226
330
734
731
303
594
93
109
99
384
301
1725
260
227
775
409
112
230
220
158
175
490
486
891
1606
854
896
72
380
1102
931
530
1287
2705
1016
220
282
1156
374
297
145
1117
193
810
53
1441
137
312
3548
224
306
122
90
866
1721
1145
895
1620
309
8856
523
231
1500
212
491
956
93
870
417
593
2678
524
2771
728
4954
17018
258
174
1582
103
454
252
194
347
179
562
2224
1874
128
468
651
723
79
332
2035
1214
1669
275
458
288
335
185
1567
722
1184
574
1084
171
561
130
1049
1036
758
1557
1236
1200
435
1192
666
222
165
1648
964
1534
2124
229
457
115
469
528
304
629
61
574
368
352
409
160
319
372
227
15650
166
1382
117
970
604
118
254
272
42
58
1197
1603
696
7686
181
129
563
709
4866
2829
1106
226
680
265
221
1004
159
712
40
831
336
1069
236
1114
11514
1602
305
355
1196
1134
933
577
212
167
44
294
233
149
685
179
930
420
2573
651
970
729
512
761
1450
108
370
437
613
206
262
434
850
250
518
640
321
284
390
182
503
552
686
561
104
619
182
1050
1383
833
241
183
116
1601
106
1154
1503
236
1049
202
168
1044
941
659
951
278
1026
544
594
683
328
169
976
193
362
106
1360
1772
36
347
727
1197
233
338
894
2761
1581
610
1291
390
533
345
154
933
693
1110
269
529
1704
205
566
799
2066
479
674
73
98
278
644
969
104
219
725
651
198
407
372
318
591
84
1670
1060
475
818
1253
478
479
179
294
4069
116
280
301
1202
245
145
315
5757
658
2174
1002
527
747
617
851
325
242
152
1215
417
801
1267
399
400
1048
133
1305
130
80
1169
753
230
283
668
440
957
1027
1295
404
409
174
411
1881
178
1165
222
134
315
127
461
143
1423
1149
154
253
886
540
817
653
1817
906
439
984
1495
1010
77
259
3275
186
1418
697
170
37
294
136
505
975
123
144
224
60
338
160
123
1012
733
1123
453
604
612
476
190
879
1359
628
757
212
800
8032
2210
608
718
142
1140
2209
343
358
809
836
483
627
1868
1398
1003
971
148
129
232
412
2498
158
975
55
478
42
1341
1135
944
1692
2091
230
592
730
822
1939
234
718
218
80
203
94
536
3038
1202
107
775
917
1819
288
880
1228
378
291
538
1009
739
328
156
560
425
116
544
125
175
152
195
120
118
252
282
1850
780
1133
321
196
76
1802
2488
157
795
85
1729
1065
133
773
562
2791
1473
279
1110
257
354
539
483
81
658
724
702
1064
509
504
312
427
1191
1355
710
878
615
848
333
300
197
917
1276
2292
281
2988
516
323
496
592
5106
1300
723
1801
1069
1925
704
138
1219
3159
1514
289
569
90
153
517
796
672
262
508
1892
2073
1340
90
327
54
592
589
704
1159
2072
320
275
477
235
224
2257
631
1891
113
193
1957
135
647
149
822
1468
89
1478
239
88
486
325
589
436
282
1174
69
480
1171
454
631
657
779
110
996
344
782
957
643
689
137
3234
1712
343
488
305
87
173
134
144
163
281
1429
1714
1974
317
4689
1021
650
2161
839
377
528
352
168
457
778
488
42
1695
752
402
796
498
332
1710
2076
501
1177
378
1409
1613
596
77
484
315
469
870
111
722
423
55
1795
316
687
634
90
809
112
467
89
1379
248
221
1099
1116
937
718
505
913
237
87
388
2388
948
367
351
533
691
212
676
4405
265
1127
184
78
1736
269
966
973
141
568
80
1411
534
1169
691
131
563
267
179
235
1399
171
65
326
744
5233
252
1031
1013
168
1516
4322
1666
396
378
1858
2070
199
829
999
202
770
234
670
900
158
104
614
259
774
1515
488
4254
345
83
677
432
824
220
155
2373
193
338
564
167
302
226
188
297
1080
181
69
1668
635
381
528
850
922
219
168
3855
184
395
292
925
663
822
347
84
491
214
411
562
729
78
125
905
2148
502
403
434
232
455
170
413
902
160
433
142
703
188
396
174
873
182
142
1163
95
1209
2153
760
741
787
759
1488
136
1509
310
1247
214
153
807
1044
920
170
481
431
1024
1245
1198
501
904
72
2943
73
745
995
170
1662
1572
863
195
400
291
1103
908
1307
1174
527
86
351
160
265
506
1524
433
287
2572
1543
1270
53
420
988
287
209
1534
1190
1643
741
780
842
1599
1153
954
1169
227
172
321
68
160
955
631
140
1068
441
187
128
164
242
285
352
178
243
331
316
765
412
119
394
1578
111
207
427
480
704
172
1654
158
1846
237
2150
958
306
123
1236
190
244
177
1004
109
1498
64
80
148
251
587
1580
140
355
1547
561
382
559
1184
91
1164
310
337
100
194
94
110
698
1343
72
428
1394
235
290
2469
217
1064
274
248
1568
369
686
417
213
181
866
2441
645
1005
1138
561
934
1128
1851
151
235
90
332
213
306
414
1078
152
3363
1086
335
738
900
1610
999
1650
319
610
111
602
478
113
786
306
178
360
306
403
274
75
140
394
437
809
1028
111
1088
1235
1031
639
757
213
499
537
479
470
147
1505
161
323
1049
243
6239
204
170
44
309
578
522
823
471
657
120
172
244
827
363
398
73
545
256
564
390
774
268
281
366
469
529
940
1045
132
684
1218
350
220
1044
194
419
186
1239
3004
71
296
393
237
283
421
211
260
648
1126
273
337
420
1219
5676
795
552
356
126
40
105
593
228
372
631
194
208
1614
224
277
345
261
932
185
348
212
446
403
327
96
557
846
591
228
246
274
925
2234
1653
1134
915
1386
715
132
421
165
65
337
502
313
343
301
236
1022
1287
1725
666
1380
1063
1889
738
2854
325
123
129
393
1141
594
1080
883
737
367
294
300
601
840
617
752
577
826
607
2983
571
62
295
218
1064
2966
264
78
53
495
663
1212
258
1312
855
1040
138
4800
370
591
139
189
567
2451
162
46
551
196
74
909
1553
406
3046
120
1510
430
1951
1001
965
179
122
92
114
291
252
70
117
1115
533
540
1038
1300
1806
1063
493
2366
409
1740
341
197
468
781
281
133
750
277
621
91
784
940
386
535
592
466
461
206
1245
17081
203
242
415
703
1668
129
1067
134
154
546
1096
338
1076
924
336
564
315
446
2207
2174
168
96
294
1479
66
170
1237
345
187
1108
766
376
548
806
367
613
297
227
158
2043
654
199
9558
119
2051
8677
1503
298
415
191
1727
153
1382
267
281
546
1424
154
269
786
836
60
256
46
176
157
496
195
450
542
335
462
1360
771
458
432
1298
548
359
1724
780
224
64
176
467
1088
491
490
386
969
301
259
1928
176
359
519
86
473
490
208
966
1531
1186
114
659
803
537
565
568
933
291
126
503
3384
390
578
56
478
481
6773
609
7346
164
572
777
430
86
205
214
237
270
204
341
137
142
549
519
409
202
639
2182
1151
372
878
619
705
465
1127
183
686
952
570
97
608
78
143
925
137
719
281
1695
213
345
96
226
604
199
675
194
387
968
977
5051
819
448
963
1420
1328
936
285
477
212
168
1178
508
22
452
275
379
345
156
922
225
215
625
736
213
296
2513
558
23324
823
198
3282
391
457
171
165
107
508
258
757
1933
590
1508
789
364
975
1041
900
997
1042
234
99
153
567
324
703
519
459
129
60
404
748
1761
952
1416
703
1182
436
386
671
540
394
770
583
160
5807
1808
354
128
733
280
245
878
445
215
487
778
58
155
253
617
719
214
842
1265
528
262
387
511
242
312
157
133
118
469
155
395
387
251
971
264
619
401
2860
1079
1290
358
1109
339
844
807
787
86
150
213
161
760
1034
1397
1590
828
746
766
2661
783
1162
707
799
511
372
261
3614
290
393
434
263
949
109
1180
308
75
126
2289
2478
197
407
563
2456
1302
360
457
681
569
372
248
324
813
186
1427
330
513
124
861
382
1748
111
272
437
533
276
787
453
1175
708
654
1421
673
241
1980
433
975
354
252
503
197
382
93
126
826
856
1843
400
2817
929
384
718
1943
267
890
312
2230
141
774
49
389
705
219
117
1495
186
254
221
191
609
138
313
2694
7947
1104
84
727
1663
771
157
493
355
627
2518
123
717
357
280
173
768
1118
187
4479
1799
4582
152
161
261
1743
566
1709
341
302
765
508
515
469
183
630
312
141
1543
19323
387
181
484
250
34
753
228
1929
896
313
1148
1729
604
410
485
19940
617
542
370
87
538
753
353
884
137
411
2896
423
226
589
599
436
299
81
933
312
597
244
750
2012
270
113
291
91
193
132
125
403
1630
420
479
385
1596
1673
986
1620
311
270
262
504
124
617
626
409
102
842
603
384
778
764
282
265
82
343
317
924
544
399
1870
1757
248
476
247
319
150
532
283
259
953
755
2130
285
735
1271
205
302
354
826
507
242
636
868
444
909
1620
210
303
105
333
120
915
187
1475
362
32
173
647
156
170
466
681
493
418
84
149
211
717
86
992
40
310
1392
466
102
254
343
300
696
77
93
500
240
219
1407
232
240
834
608
248
1632
436
846
61
780
1118
990
536
823
256
3180
117
238
167
122
258
119
748
1858
262
2134
1467
309
277
249
257
2058
439
361
840
663
552
639
147
130
303
228
516
343
592
606
709
371
1119
99
279
356
107
316
481
263
173
476
835
672
687
198
194
2304
2013
858
166
259
1553
675
236
901
1393
282
88
129
507
111
411
1121
7475
156
1105
191
1483
186
811
758
431
4471
303
391
661
390
491
1475
261
359
1147
446
461
627
429
343
434
342
186
4335
1658
2277
654
529
122
1203
3219
860
232
252
257
309
1358
1572
421
1924
786
180
381
1346
1130
733
1626
665
110
680
207
473
115
865
84
547
510
99
1660
168
488
166
63
542
111
741
417
1741
546
12742
816
2545
497
713
772
1604
115
452
691
1492
696
118
784
1300
163
333
983
504
342
3517
659
2325
161
611
846
294
120
182
305
124
166
1058
100
178
55
321
380
514
1587
882
65
496
635
1920
173
576
1330
366
91
705
311
1728
869
440
53
1329
1027
1580
723
174
90
1489
60
217
196
197
348
115
233
1871
239
486
189
2605
1985
678
170
286
1084
1645
169
93
106
499
713
119
125
742
624
727
472
934
221
205
115
57
548
349
77
133
5236
877
1405
572
734
1704
1639
80
361
282
273
745
762
206
142
1331
1042
143
370
311
