21875
21313
18736
17375
15910
14758
14562
13185
12959
12934
12920
12642
12335
12130
12061
11899
11527
11213
11007
10878
10810
10537
10529
10338
10271
9962
9921
9766
9686
9662
9623
9401
9264
9221
9168
9058
9006
8931
8935
8831
8777
8713
8699
8677
8538
8524
8449
8379
8303
8269
8253
8145
8109
8101
8006
7998
7972
7920
7911
7848
7797
7762
7721
7534
7550
7535
7528
7488
7410
7394
7330
7317
7287
7254
7228
7194
7174
7175
7177
7105
7040
7080
7079
7066
7062
7045
7044
7039
7020
6935
6927
6864
6835
6811
6807
6813
6804
6803
6766
6733
6727
6715
6693
6685
6662
6613
6618
6598
6560
6529
6513
6510
6497
6486
6416
6409
6396
6367
6362
6362
6357
6341
6321
6316
6305
6307
6308
6287
6283
6286
6279
6258
6254
6247
6238
6219
6208
6204
6176
6181
6156
6147
6136
6132
6107
6106
6099
6072
6071
6065
6056
6049
6038
6024
6004
5984
5979
5915
5910
5894
5877
5870
5856
5855
5858
5839
5834
5813
5809
5802
5801
5786
5759
5739
5736
5731
5728
5727
5720
5718
5711
5700
5708
5694
5690
5690
5676
5676
5672
5669
5669
5650
5649
5645
5629
5621
5618
5614
5601
5608
5591
5576
5576
5560
5569
5564
5559
5556
5553
5554
5519
5520
5499
5504
5502
5501
4682
5487
5487
5476
5458
5451
5445
5446
5424
5419
5416
5425
5406
5412
5409
5406
5396
5386
5384
5390
5382
5384
5379
5369
5349
5349
5345
5335
5332
5327
5316
5316
5322
5317
5313
5309
5307
5299
5291
5294
5290
5285
5293
5272
5271
5277
5270
5266
5259
5258
5253
5247
5231
5231
5229
5223
5216
5201
5210
5205
5200
5210
5194
5190
5165
5171
5168
5176
5167
5169
5160
5168
5157
5148
5150
5148
5146
5140
5139
5130
5122
5120
5085
5091
5089
5090
5091
5069
5062
5069
5055
5064
5059
5057
5054
5058
5049
5046
5035
5036
5029
5032
5032
5020
5026
5024
5025
5006
5012
5000
5001
4994
4992
4988
4995
4988
4989
4987
4982
4987
4977
4972
4968
4968
4964
4959
4958
4951
4948
4941
4945
4950
4941
4934
4931
4926
4930
4924
4899
4904
4898
4895
4888
4892
4886
4893
4885
4882
4869
4877
4864
4860
4861
4861
4862
4857
4853
4853
4854
4857
4849
4836
4840
4837
4840
4841
4835
4840
4827
4822
4827
4829
4830
4829
4320
4815
4813
4819
4819
4803
4812
4804
4803
4796
4804
4787
4791
4781
4775
4774
4769
4764
4763
4768
4760
4764
4740
4753
4743
4741
4742
4742
4745
4738
4726
4726
4737
4719
4723
4723
4722
4725
4717
4710
4711
4710
4704
4709
4705
4694
4701
4684
4686
4682
4688
4684
4674
4676
4667
4675
4656
4061
4651
4662
4653
4653
4651
4645
4649
4636
4628
4634
4623
4628
4619
4620
4613
4613
4610
4608
4607
4601
4601
4607
4601
4593
4597
4592
4590
4586
4579
4585
4579
4576
4570
4575
4573
4570
4567
4570
4022
4561
4557
4558
4551
4552
4545
4552
4548
4546
4542
4543
4543
4528
4531
4532
4536
4528
4525
4528
4517
4520
4515
4517
4509
4506
4502
4509
4504
4497
4495
4495
4489
4498
4495
4489
4496
4495
4482
4491
4488
4487
4474
4488
4487
4479
4481
4480
4464
4467
4464
4465
4462
4462
4453
4460
4456
4452
4454
4457
4450
4456
4447
4449
4444
4457
4447
4441
4439
4441
4444
4429
4434
4428
4427
4420
4422
4426
4425
4423
4424
4421
4422
4424
4416
4416
4417
4418
4421
4415
4413
4408
4408
4411
4408
4405
4409
4405
4401
4399
4405
4401
4400
4400
4403
4399
4397
4392
4391
4392
4381
4374
4379
4368
4372
4362
4365
4372
4360
4368
4357
4348
4349
4346
4350
4348
4343
4347
4348
4337
4340
4335
4333
4324
4322
4316
4328
4330
4315
4318
4316
3765
4315
4321
4313
4315
4314
4303
4306
4303
4306
4297
4299
4304
4303
4299
4301
4298
4294
4288
4287
4289
4279
4281
4282
4279
4276
4277
4277
4279
4274
4275
4267
4270
4268
4267
4262
4255
4250
4252
4249
4253
4250
4250
4252
4246
4244
4241
4242
4237
4237
4236
4236
4236
4233
4223
4221
4231
4226
4228
4216
4221
4219
4219
4220
4203
4202
4204
4208
4203
4198
4198
4202
4200
4192
4196
4198
4199
4189
4191
4189
4189
4184
4188
4185
4182
4178
4178
4172
4170
4171
4176
4175
4170
4162
4168
4168
4166
4161
4163
4156
4158
4156
4152
4146
4154
4151
4143
4144
4141
4144
4141
4140
4136
4138
4133
4129
4134
4126
4126
4129
4127
4130
4137
4133
4131
4124
4121
4121
4120
4117
4117
4118
4118
4118
4105
4111
4108
4106
4109
4105
4104
4103
4099
4103
4109
4109
4106
4102
4103
4104
4102
4096
4102
4101
4099
4093
4092
4093
4082
4082
4082
4088
4090
4087
4092
4082
4090
4086
4081
4079
4086
4084
4075
4075
4079
4075
4078
4072
4069
4069
4077
4070
4063
4063
4070
4061
4054
4062
4065
4064
4055
4055
4059
4058
4057
4051
4053
4045
3622
4048
4056
4048
4043
4052
4050
4051
4046
4053
4051
4049
4045
4041
4043
4042
4041
4051
4038
4040
4039
4035
4032
4042
4031
4040
4041
4041
4035
4040
4034
4030
4029
4028
4033
4028
4026
4023
4026
4016
4019
4023
4026
4016
4019
4018
4016
4017
4020
4023
4020
4013
4010
4017
4017
4008
4009
4014
4005
4003
4006
4008
4006
4000
4001
4000
3999
3994
4000
3997
4000
4006
4000
3999
3998
3999
3998
3991
3992
3995
3990
3990
3985
3995
3984
3992
3993
3991
3988
3989
3988
3983
3988
3989
3979
3981
3980
3981
3982
3985
3977
3981
3979
3978
3972
3978
3984
3972
3973
3979
3982
3976
3977
3975
3981
3972
3970
3969
3974
3968
3971
3972
3965
3970
3965
3968
3963
3965
3968
3968
3965
3964
3957
3953
3960
3955
3954
3954
3951
3947
3947
3946
3945
3942
3948
3942
3943
3944
3933
3934
3939
3934
3930
3935
3929
3935
3936
3934
3935
3942
3928
3934
3930
3926
3932
3930
3924
3917
3927
3927
3918
3916
3918
3913
3909
3906
3914
3910
3908
3907
3905
3904
3903
3907
3906
3903
3902
3902
3905
3903
3904
3900
3902
3898
3898
3900
3896
3889
3900
3890
3900
3893
3894
3884
3889
3897
3891
3888
3882
3887
3881
3885
3874
3886
3881
3880
3879
3884
3878
3879
3869
3876
3876
3874
3879
3867
3872
3871
3868
3869
3873
3870
3870
3866
3874
3868
3873
3873
3865
3866
3866
3870
3863
3864
3867
3863
3855
3862
3863
3854
3861
3857
3858
3854
3856
3860
3851
3854
3853
3848
3843
3844
3852
3847
3844
3842
3844
3842
3837
3842
3837
3841
3837
3834
3832
3833
3828
3825
3824
3829
3830
3826
3829
3829
3823
3830
3820
3820
3824
3818
3822
3825
3819
3820
3816
3825
3810
3819
3821
3815
3815
3814
3814
3807
3809
3810
3812
3812
3808
3807
3807
3806
3810
3800
3807
3803
3800
3810
3800
3806
3795
3799
3797
3795
3801
3795
3796
3789
3793
3788
3795
3789
3786
3791
3783
3787
3789
3781
3787
3782
3780
3785
3777
3775
3778
3781
3781
3775
3784
3772
3777
3776
3784
3775
3776
3778
3774
3775
3772
3779
3765
3772
3769
3771
3773
3762
3773
3730
3773
3764
3766
3757
3765
3761
3761
3764
3763
3765
3765
3760
3753
3755
3757
3750
3762
3750
3755
3759
3763
3751
3755
3753
3757
3759
3752
3748
3755
3748
3751
3748
3747
3749
3744
3746
3750
3751
3745
3741
3740
3750
3743
3746
3751
3743
3739
3737
3737
3741
3741
3737
3743
3732
3738
3738
3737
3729
3736
3729
3734
3725
3729
3732
3733
3730
3725
3735
3731
3727
3734
3721
3726
3718
3724
3730
3723
3723
3717
3725
3729
3722
3724
3718
3725
3714
3720
3719
3719
3719
3715
3720
3715
3716
3719
3714
3714
3713
3713
3711
3706
3713
3709
3711
3714
3713
3715
3710
3711
3713
3706
3709
3707
3701
3711
3705
3707
3704
3700
3702
3704
3693
3708
3696
3696
3693
3694
3692
3695
3696
3703
3696
3691
3693
3696
3694
3689
3697
3697
3692
3693
3693
3689
3692
3692
3685
3690
3693
3690
3686
3685
3691
3684
3684
3688
3680
3693
3678
3678
3677
3683
3683
3677
3682
3679
3676
3670
3674
3673
3673
3680
3668
3677
3673
3663
3673
3670
3666
3668
3675
3668
3664
3667
3669
3663
3667
3670
3667
3669
3669
3665
3665
3670
3669
3665
3665
3658
3658
3664
3664
3656
3655
3665
3664
3657
3658
3656
3660
3665
3662
3656
3655
3660
3651
3651
3654
3656
3650
3650
3651
3651
3653
3645
3650
3647
3649
3646
3651
3648
3648
3642
3649
3647
3644
3646
3653
3648
3640
3646
3646
3650
3649
3643
3650
3638
3650
3644
3646
3642
3638
3642
3641
3646
3639
3641
3641
3631
3641
3641
3636
3641
3643
3628
3632
3635
3638
3641
3634
3634
3636
3635
3636
3633
3632
3631
3633
3622
3627
3620
3627
3620
3626
3620
3627
3621
3619
3623
3624
3621
3617
3622
3625
3620
3625
3621
3620
3623
3615
3616
3621
3621
3618
3615
3610
3618
3621
3605
3607
3612
3619
3611
3664
3603
3602
3610
3607
3613
3612
3608
3599
3601
3604
3607
3610
3608
3605
3605
3608
3599
3605
3604
3603
3598
3605
3596
3600
3593
3601
3600
3606
3594
3600
3602
3594
3599
3599
3597
3600
3600
3602
3597
3590
3594
3590
3590
3589
3593
3594
3588
3587
3590
3587
3585
3581
3588
3592
3582
3585
3582
3588
3589
3580
3585
3584
3585
3578
3582
3584
3577
3590
3585
3583
3581
3580
3586
3585
3572
3577
3578
3579
3578
3580
3576
3581
3575
3569
3576
3571
3574
3569
3576
3572
3578
3577
3566
3568
3575
3574
3576
3568
3569
3562
3560
3568
3563
3567
3559
3556
3561
3554
3561
3564
3565
3560
3555
3555
3552
3564
3561
3565
3558
3550
3554
3563
3552
3555
3555
3559
3558
3556
3551
3554
3543
3554
3553
3550
3553
3548
3546
3544
3547
3551
3541
3548
3552
3544
3547
3547
3547
3544
3542
3544
3548
3545
3547
3543
3544
3547
3547
3544
3538
3538
3534
3537
3535
3531
3539
3535
3532
3543
3535
3537
3535
3536
3533
3533
3532
3530
3529
3534
3529
3535
3532
3533
3530
3538
3533
3524
3533
3527
3536
3532
3528
3533
3533
3536
3523
3524
3528
3521
3524
3519
3524
3524
3524
3524
3519
3526
3525
3522
3525
3518
3511
3517
3517
3518
3516
3519
3508
3521
3522
3514
3514
3519
3512
3515
3513
3509
3509
3502
3503
3510
3502
3509
3507
3511
3515
3508
3503
3507
3508
3514
3505
3506
3506
3515
3511
3510
3504
3512
3506
3503
3510
3503
3500
3503
3504
3501
3500
3505
3503
3498
3494
3492
3493
3493
3490
3494
3499
3493
3488
3493
3491
3496
3491
3494
3486
3493
3491
3496
3494
3491
3492
3494
3494
3489
3493
3492
3490
3486
3487
3486
3487
3481
3489
3484
3483
3477
3481
3484
3479
3484
3487
3483
3480
3483
3486
3482
3476
3478
3484
3485
3483
3482
3483
3476
3477
3480
3477
3487
3477
3476
3480
3482
3477
3478
3473
3480
3479
3472
3474
3479
3474
3475
3474
3477
3481
3476
3475
3476
3475
3478
3464
3467
3478
3481
3473
3475
3475
3475
3470
3474
3475
3469
3472
3462
3467
3472
3474
3463
3467
3469
3463
3471
3467
3465
3473
3466
3471
3464
3462
3458
3467
3466
3467
3461
3468
3462
3469
3460
3468
3459
3468
3460
3470
3459
3465
3461
3455
3462
3456
3457
3462
3464
3456
3465
3462
3458
3452
3456
3462
3457
3457
3448
3451
3457
3452
3456
3449
3448
3454
3459
3452
3455
3452
3450
3451
3451
3446
3453
3451
3441
3453
3443
3444
3450
3444
3444
3446
3446
3438
3441
3442
3440
3440
3446
3437
3441
3444
3441
3444
3438
3448
3439
3444
3442
3433
3440
3445
3436
3444
3438
3437
3436
3441
3437
3434
3442
3443
3438
3442
3433
3431
3437
3432
3434
3431
3441
3431
3438
3431
3434
3437
3427
3427
3432
3426
3432
3432
3428
3429
3431
3432
3428
3431
3435
3426
3427
3433
3432
3432
3426
3428
3428
3436
3427
3423
3426
3426
3420
3430
3427
3422
3422
3427
3426
3419
3422
3424
3424
3419
3421
3426
3424
3422
3421
3418
3416
3419
3426
3416
3415
3414
3417
3411
3416
3414
3415
3411
3413
3416
3415
3416
3415
3412
3408
3418
3414
3415
3412
3414
3421
3421
3410
3412
3411
3413
3405
3411
3408
3411
3407
3407
3407
3416
3405
3409
3413
3416
3409
3407
3413
3409
3404
3413
3410
3404
3407
3414
3408
3411
3403
3401
3404
3400
3406
3407
3408
3407
3406
3400
3404
3397
3402
3408
3393
3397
3400
3408
3397
3400
3403
3402
3403
3404
3395
3400
3394
3395
3400
3400
3400
3397
3392
3389
3399
3399
3400
3398
3392
3389
3398
3398
3394
3392
3387
3400
3395
3392
3392
3399
3395
3391
3389
3393
3396
3398
3398
3390
3391
3392
3394
3391
3385
3391
3389
3391
3385
3388
3391
3390
3391
3384
3387
3388
3388
3388
3388
3393
3388
3387
3380
3386
3392
3390
3391
3389
3391
3387
3388
3387
3382
3389
3383
3387
3386
3384
3386
3387
3387
3385
3377
3380
3385
3376
3382
3381
3374
3375
3384
3378
3382
3376
3377
3382
3380
3376
3372
3373
3376
3372
3379
3377
3378
3382
3379
3382
3375
3373
3376
3377
3371
3372
3373
3367
3372
3362
3374
3367
3365
3368
3368
3364
3369
3363
3365
3372
3364
3363
3374
3366
3365
3360
3368
3365
3370
3367
3367
3361
3363
3361
3364
3360
3367
3365
3361
3361
3362
3370
3363
3372
3367
3365
3369
3361
3362
3363
3365
3368
3361
3361
3367
3353
3358
3367
3355
3356
3353
3357
3356
3366
3354
3349
3358
3359
3355
3348
3353
3355
3354
3349
3355
3359
3349
3349
3357
3348
3352
3360
3356
3352
3348
3348
3353
3356
3354
3352
3355
3350
3351
3351
3344
3354
3349
3350
3350
3349
3353
3342
3343
3352
3346
3351
3348
3341
3352
3340
3343
3341
3346
3338
3345
3341
3338
3345
3348
3348
3342
3342
3342
3350
3342
3341
3343
3346
3345
3342
3340
3336
3339
3341
3347
3340
3342
3339
3335
3344
3346
3336
3337
3339
3335
3334
3338
3332
3344
3341
3337
3338
3334
3338
3334
3341
3337
3339
3338
3331
3333
3334
3334
3339
3338
3342
3329
3329
3335
3329
3329
3334
3334
3340
3335
3336
3334
3332
3332
3330
3335
3328
2689
3324
3327
3328
3331
3328
3331
3329
3323
3324
3328
3330
3327
3333
3328
3332
3324
3320
3325
3324
3322
3323
3324
3324
3330
3322
3327
3324
3331
3324
3327
3322
3326
3324
3319
3324
3320
3319
3323
3326
3323
3324
3319
3327
3319
3328
3319
3320
3320
3325
3326
3324
3323
3318
3321
3320
3325
3316
3318
3315
3316
3316
3321
3318
3318
3319
3322
3318
3323
3315
3322
3317
3321
3320
3318
3316
3319
3311
3317
3319
3317
3322
3316
3320
3318
3316
3319
3316
3315
3308
3313
3311
3314
3313
3318
3308
3315
3313
3316
3307
3315
3318
3310
3313
3317
3313
3308
3318
3313
3310
3318
3306
3308
3316
3315
3310
3309
3303
3305
3302
3307
3310
3305
3309
3304
3306
3309
3308
3303
3299
3298
3302
3303
3304
3309
3309
3310
3301
3303
3300
3304
3303
3302
3301
3302
3300
3305
3302
3303
3305
3303
3301
3303
3304
3299
3299
3298
3303
3301
3302
3304
3302
3300
3294
3300
3297
3302
3298
3293
3293
3299
3294
3302
3298
3294
3290
3299
3299
3293
3300
3294
3298
3300
3290
3287
3289
3297
3295
3289
3291
3288
3287
3284
3296
3299
3297
3290
3282
3289
3292
3296
3288
3287
3285
3288
3292
3288
3284
3291
3291
3282
3290
3287
3288
3287
3284
3291
3292
3280
3278
3290
3282
3283
3293
3291
3288
3287
3288
3287
3285
3289
3286
3288
3285
3281
3288
3288
3281
3282
3281
3280
3286
3284
3281
3283
3278
3281
3281
3278
3277
3276
3280
3277
3278
3281
3281
3274
3280
3285
3273
3275
3275
3274
3282
3276
3269
3274
3277
3271
3279
3273
3273
3275
3268
3272
3275
3274
3274
3273
3280
3271
3275
3272
3270
3266
3270
3273
3281
3274
3267
3269
3272
3274
3269
3278
3271
3275
3272
3267
3273
3274
3263
3265
3267
3265
3263
3273
3267
3264
3265
3269
3274
3262
3268
3267
3263
3266
3261
3272
3269
3269
3268
3270
3266
3271
3256
3261
3269
3269
3267
3261
3265
3267
3264
3264
3262
3268
3258
3259
3260
3260
3256
3261
3266
3259
3262
3267
3258
3252
3259
3261
3260
3260
3256
3265
3261
3255
3260
3253
3258
3257
3250
3249
3257
3257
3256
3248
3253
3250
3254
3251
3251
3255
3256
3256
3256
3249
3252
3249
3249
3256
3247
3245
3248
3256
3244
3256
3249
3253
3248
3246
3247
3251
3243
3252
3252
3251
3243
3252
3245
3246
3252
3250
3250
3247
3252
3251
3245
3239
3251
3246
3245
3250
3243
3246
3246
3239
3242
3249
3239
3239
3243
3240
3241
3243
3240
3241
3238
3241
3246
3238
3238
3245
3237
3244
3234
3242
3239
3239
3234
3245
3248
3239
3240
3242
3241
3243
3244
3234
3239
3237
3241
3239
3240
3241
3237
3238
3231
3229
3235
3231
3233
3231
3237
3233
3227
3231
3233
3236
3227
3236
3233
3239
3232
3229
3236
3230
3239
3231
3231
3229
3230
3236
3232
3231
3230
3229
3225
3230
3225
3229
3230
3226
3226
3229
3225
3223
3222
3223
3233
3229
3228
3224
3225
3219
3224
3229
3217
3226
3222
3229
3216
3229
3220
3226
3214
3226
3221
3216
3223
3223
3219
3218
3221
3217
3216
3219
3220
3219
3220
3216
3222
3211
3212
3222
3217
3211
3220
3221
3213
3217
3209
3219
3214
3218
3222
3218
3221
3213
3218
3215
3209
3217
3221
3211
3215
3214
3212
3221
3215
3211
3210
3208
3209
3210
3206
3218
3208
3215
3216
3216
3210
3204
3211
3208
3209
3212
3207
3206
3207
3211
3211
3205
3206
3206
3207
3213
3211
3208
3212
3212
3206
3205
3214
3200
3208
3204
3202
3206
3205
3206
3200
3211
3201
3202
3207
3201
3212
3203
3212
3208
3212
3207
3208
3208
3202
3204
3202
3206
3199
3206
3200
3197
3200
3205
3204
3203
3202
3199
3202
3203
3195
3199
3202
3201
3200
3197
3195
3200
3193
3195
3194
3200
3195
3197
3190
3197
3191
3195
3196
3195
3201
3196
3195
3196
3194
3193
3187
3191
3194
3188
3195
3194
3188
3198
3197
3197
3187
3198
3187
3191
3187
3188
3192
3190
3198
3191
3191
3187
3195
3197
3196
3184
3188
3191
3196
3195
3192
3189
3185
3191
3192
3194
3191
3193
3191
3189
3190
3185
3194
3192
3189
3192
3191
3185
3190
3182
3194
3189
3181
3182
3185
3183
3185
3180
3184
3178
3186
3183
3183
3189
3185
3183
3183
3181
3187
3175
3191
3181
3185
3184
3179
3187
3180
3185
3187
3176
3184
3184
3182
3186
3176
3183
3183
3184
3182
3179
3183
3173
3179
3177
3177
3174
3177
3182
3186
3181
3178
3177
3182
3172
3170
3172
3178
3178
3173
3180
3180
3176
3168
3174
3176
3175
3173
3169
3166
3174
3179
3174
3170
3174
3169
3173
3169
3171
3167
3170
3167
3175
3174
3176
3167
3176
3169
3165
3170
3170
3174
3174
3169
3166
3169
3175
3166
3169
3174
3165
3165
3172
3167
3167
3173
3168
3170
3166
3167
3173
3169
3158
3164
3166
3167
3169
3165
3159
3162
3172
3165
3163
3161
3164
3163
3166
3165
3167
3170
3166
3171
3169
3170
3160
3162
3171
3161
3160
3164
3154
3167
3162
3161
3160
3157
3163
3162
3155
3163
3165
3156
3162
3163
3162
3161
3165
3155
3161
3167
3129
3154
3161
3151
3159
3150
3159
3158
3152
3156
3154
3153
3152
3151
3154
3150
3156
3157
3160
3150
3145
3149
3145
3149
3149
3150
3151
3143
3147
3149
3144
3153
3143
3151
3148
3158
3149
3152
3147
3153
3144
3152
3146
3147
3143
3150
3151
3142
3151
3146
3151
3148
3148
3148
3153
3145
3146
3142
3146
3146
3142
3152
3143
3143
3146
3143
3139
3147
3143
3146
3151
3139
3150
3146
3142
3150
3144
3141
3142
3143
3138
3143
3135
3134
3148
3141
3143
3141
3140
3140
3140
3140
3136
3135
3136
3142
3142
3141
3136
3133
3134
3142
3139
3134
3141
3138
3136
3139
3145
3135
3137
3135
3141
3137
3137
3143
3144
3141
3134
3140
3135
3135
3131
3133
3134
3132
3135
3142
3137
3131
3134
3139
3137
3139
3133
3134
3136
3133
3130
3133
3136
3129
3139
3135
3127
3135
3131
3135
3132
3126
3132
3137
3131
3132
3129
3134
3130
3126
3132
3122
3128
3123
3129
3128
3128
3125
3130
3127
3123
3127
3126
3121
3132
3127
3118
3121
3121
3119
3126
3125
3124
3123
3121
3120
3125
3132
3131
3127
3117
3122
3125
3124
3115
3125
3126
3122
3127
3123
3118
3125
3123
3125
3121
3122
3121
3122
3125
3125
3122
3120
3120
3122
3122
3124
3123
3118
3121
3119
3116
3122
3115
3122
3122
3115
3120
3120
3116
3123
3116
3117
3109
3116
3123
3109
3122
3118
3121
3123
3121
3110
3121
3110
3120
3115
3115
3120
3114
3118
3115
3120
3115
3110
3110
3106
3110
3120
3117
3116
3117
3117
3114
3116
3116
3104
3109
3106
3113
3111
3115
3110
3107
3107
3108
3106
3104
3104
3112
3112
3103
3110
3112
3110
3114
3102
3108
3110
3103
3105
3106
3111
3105
3111
3103
3111
3105
3108
3099
3103
3105
3104
3107
3103
3099
3104
3108
3099
3099
3105
3110
3104
3108
3107
3107
3096
3104
3097
3101
3097
3097
3101
3105
3106
3102
3101
3100
3099
3098
3093
3107
3103
3100
3095
3095
3106
3092
3099
3098
3094
3094
3102
3099
3098
3097
3100
3096
3097
3097
3100
3100
3095
3105
3096
3100
3097
3096
3099
3096
3091
3101
3098
3088
3095
3099
3096
3097
3095
3092
3094
3093
3094
3094
3087
3086
3092
3090
3091
3090
3092
3089
3091
3096
3088
3091
3094
3095
3095
3094
3084
3090
3086
3095
3089
3096
3088
3093
3089
3091
3090
3089
3084
3096
3085
3090
3085
3090
3089
3089
3084
3088
3092
3088
3083
3087
3088
3092
3094
3086
3090
3088
3086
3090
3094
3085
3082
3089
3082
3086
3089
3092
3090
3085
3088
3082
3080
3085
3087
3083
3082
3084
3083
3077
3084
3085
3083
3086
3080
3085
3091
3077
3087
3087
3081
3078
3083
3074
3085
3077
3088
3076
3079
3079
3084
3079
3085
3084
3079
3085
3080
3087
3085
3078
3080
3078
3081
3082
3077
3073
3083
3072
3082
3076
3079
3076
3080
3074
3081
3070
3074
3076
3069
3071
3075
3077
3072
3067
3070
3082
3075
3072
3081
3071
3078
3076
3076
3074
3076
3077
3073
3072
3065
3077
3074
3068
3077
3067
3071
3066
3076
3066
3071
3073
3070
3067
3066
3066
3067
3068
3068
3072
3068
3060
3064
3066
3074
3068
3055
3070
3071
3067
3061
3066
3071
3060
3060
3064
3071
3063
3072
3069
3072
3072
3066
3065
3065
3059
3067
3066
3057
3058
3062
3055
3064
3065
3060
3056
3058
3064
3062
3065
3061
3064
3068
3063
3069
3057
3062
3064
3062
3062
3060
3061
3063
3057
3063
3063
3063
3059
3059
3060
3059
3060
3058
3063
3059
3056
3063
3058
3063
3050
3054
3058
3055
3053
3055
3060
3056
3056
3055
3056
3055
3057
3057
3057
3063
3058
3058
3048
3059
3053
3055
3049
3051
3055
3055
3053
3051
3052
3057
3056
3050
3051
3056
3061
3048
3052
3055
3056
3057
3054
3051
3053
3051
3053
3052
3053
3055
3059
3049
3051
3053
3056
3043
3053
3050
3055
3052
3047
3050
3050
3049
3044
3049
3048
3045
3046
3049
3049
3044
3042
3053
3049
3043
3047
3055
3034
3044
3048
3047
3045
3044
3052
3050
3048
3043
3048
3048
3047
3044
3044
3048
3043
3045
3040
3046
3047
3040
3048
3044
3049
3043
3045
3046
3039
3043
3046
3042
3050
3044
3035
3043
3047
3046
3038
3041
3040
3041
3041
3045
3040
3043
3041
3046
3037
3044
3038
3037
3044
3043
3034
3033
3038
3039
3045
3033
3039
3046
3041
3044
3035
3041
3037
3040
3037
3034
3038
3043
3037
3034
3039
3042
3036
3032
3032
3033
3036
3041
3032
3039
3029
3028
3035
3038
3038
3031
3030
3037
3031
3036
3037
3032
3037
3036
3038
3040
3032
3029
3033
3035
3035
3032
3040
3032
3032
3030
3032
3031
3031
3038
3033
3033
3030
3031
3037
3033
3031
3035
3035
3035
3029
3034
3031
3023
3031
3028
3023
3028
3031
3022
3029
3027
3028
3036
3027
3032
3028
3032
3027
3029
3030
3027
3026
3022
3032
3032
3024
3031
3027
3027
3027
3027
3029
3024
3023
3028
3027
3028
3032
3028
3025
3025
3026
3027
3027
3026
3023
3025
3024
3031
3026
3020
3026
3027
3022
3026
3026
3019
3029
3030
3026
3030
3021
3016
3019
3023
3017
3027
3022
3021
3022
3025
3019
3022
3029
3023
3020
3018
3022
3024
3018
3024
3021
3023
3022
3018
3021
3020
3025
3014
3017
3019
3021
3022
3022
3013
3018
3027
3018
3022
3019
3024
3016
3014
3011
3018
3015
3014
3017
3018
3017
3025
3012
3021
3011
3018
3013
3020
3017
3014
3018
3014
3015
3013
3013
3009
3019
3011
3016
3019
3012
3019
3014
3015
3014
3015
3008
3013
3018
3014
3009
3011
3014
3011
3012
3010
3018
3017
3010
3014
3013
3014
3014
3013
3005
3008
3018
3011
3012
3006
3018
3010
3011
3008
3010
3012
3010
3012
3009
3016
3011
3007
3005
3010
3004
3004
3011
3012
3011
3007
3005
3001
3010
3009
3009
3007
3007
3001
3009
3014
3009
3004
3009
3006
3010
3010
2999
3004
3012
3012
3007
3008
3003
3009
3008
3000
2999
3005
3004
3006
3006
2999
3003
3005
3002
3008
3002
3010
3011
3005
3009
3007
3008
2999
3009
3005
3004
3003
3000
3004
3003
3006
2996
3003
3001
3007
3002
3002
3004
2994
2996
3007
2996
2997
3002
2996
2992
2999
3002
3001
3004
2999
3000
2998
2992
3001
2998
2998
2997
2999
2997
2997
2998
2994
3002
2995
2999
2994
2998
2991
2995
2997
2996
3000
2998
2996
2992
3002
3000
2994
2999
2992
2996
2997
2994
2991
2996
2991
2999
2993
2995
2992
2994
2994
2996
2990
2996
2988
2996
2994
2995
2989
2992
2993
2997
2985
2991
2988
2993
2989
2987
2991
2994
2991
2991
2995
2992
2985
2984
2990
2994
2988
2988
2985
2987
2984
2984
2990
2993
2991
2989
2995
2989
2991
2987
2992
2988
2992
2985
2988
2992
2991
2984
2987
2981
2985
2987
2992
2983
2986
2991
2988
2981
2984
2985
2982
2986
2990
2979
2987
2984
2979
2982
2987
2983
2980
2982
2988
2980
2987
2985
2979
2980
2983
2985
2981
2982
2985
2978
2982
2978
2984
2982
2988
2984
2984
2980
2973
2979
2975
2983
2983
2975
2980
2986
2976
2981
2977
2982
2980
2976
2986
2976
2982
2983
2976
2976
2982
2976
2976
2976
2973
2976
2977
2976
2973
2978
2978
2980
2976
2974
2982
2971
2974
2979
2508
2972
2972
2978
2973
2977
2973
2968
2976
2973
2976
2976
2973
2971
2973
2969
2969
2974
2973
2968
2971
2970
2976
2974
2973
2976
2971
2971
2970
2976
2971
2968
2972
2976
2974
2969
2967
2973
2970
2972
2965
2969
2973
2967
2974
2977
2971
2969
2976
2976
2966
2964
2970
2974
2966
2973
2973
2971
2965
2970
2971
2966
2972
2967
2972
2973
2972
2972
2967
2964
2963
2968
2965
2976
2975
2960
2975
2972
2968
2969
2971
2968
2971
2968
2964
2961
2961
2967
2972
2969
2965
2958
2970
2960
2978
2961
2969
2963
2962
2963
2965
2964
2962
2966
2972
2968
2957
2956
2959
2962
2967
2966
2968
2964
2957
2965
2960
2961
2964
2965
2964
2962
2962
2963
2967
2965
2960
2967
2968
2967
2956
2956
2955
2961
2956
2964
2958
2957
2961
2964
2960
2958
2962
2963
2965
2967
2957
2955
2960
2961
2956
2966
2960
2961
2958
2960
2956
2957
2957
2953
2965
2954
2961
2964
2962
2957
2958
2960
2959
2955
2958
2957
2959
2953
2955
2959
2956
2956
2957
2959
2950
2952
2955
2955
2957
2953
2955
2961
2959
2952
2957
2954
2955
2951
2952
2961
2954
2946
2950
2956
2953
2955
2957
2951
2956
2948
2950
2948
2950
2952
2948
2951
2958
2948
2956
2956
2950
2950
2946
2957
2950
2954
2954
2949
2960
2950
2953
2948
2945
2952
2949
2949
2951
2947
2953
2944
2943
2953
2950
2949
2950
2951
2948
2945
2950
2947
2942
2952
2952
2949
2947
2946
2946
2949
2945
2946
2940
2944
2951
2944
2951
2947
2942
2943
2945
2940
2949
2943
2940
2390
2943
2941
2940
2942
2943
2941
2941
2940
2942
2943
2948
2942
2937
2939
2942
2946
2942
2937
2945
2944
2942
2949
2943
2943
2944
2943
2947
2939
2940
2942
2945
2939
2944
2945
2943
2947
2947
2939
2936
2946
2943
2943
2934
2942
2940
2943
2942
2937
2934
2940
2934
2937
2943
2940
2937
2940
2936
2938
2936
2933
2936
2942
2940
2936
2932
2938
2938
2940
2942
2937
2940
2938
2936
2938
2939
2933
2934
2939
2934
2936
2931
2933
2934
2937
2936
2940
2934
2928
2928
2931
2938
2938
2935
2934
2940
2941
2937
2933
2933
2933
2932
2934
2929
2937
2936
2934
2937
2926
2936
2932
2930
2933
2939
2929
2935
2928
2927
2930
2931
2932
2929
2929
2932
2936
2928
2932
2931
2936
2928
2926
2938
2931
2934
2932
2930
2932
2930
2926
2930
2927
2927
2930
2927
2926
2935
2931
2932
2924
2923
2929
2934
2924
2925
2926
2926
2922
2920
2924
2931
2921
2926
2924
2931
2927
2922
2918
2927
2926
2925
2920
2923
2927
2922
2931
2930
2932
2928
2927
2925
2930
2920
2920
2928
2921
2921
2929
2921
2918
2929
2922
2926
2923
2921
2917
2922
2923
2920
2922
2917
2924
2925
2919
2918
2923
2925
2916
2924
2922
2920
2920
2920
2920
2916
2919
2919
2920
2920
2918
2917
2922
2916
2920
2923
2922
2917
2916
2919
2921
2922
2914
2920
2925
2922
2917
2921
2918
2920
2916
2916
2918
2916
2916
2917
2919
2921
2913
2918
2917
2912
2924
2920
2919
2917
2918
2916
2915
2914
2920
2917
2914
2916
2921
2914
2917
2916
2920
2921
2916
2913
2910
2918
2917
2918
2915
2908
2915
2916
2911
2915
2912
2922
2915
2914
2913
2914
2915
2921
2908
2917
2910
2922
2910
2910
2910
2915
2913
2916
2910
2913
2907
2918
2916
2912
2906
2917
2912
2910
2908
2910
2913
2908
2911
2907
2906
2912
2916
2913
2912
2915
2911
2911
2908
2906
2911
2915
2911
2907
2909
2907
2915
2906
2908
2910
2917
2916
2914
2915
2913
2911
2904
2909
2908
2911
2911
2913
2914
2903
2908
2913
2907
2906
2912
2908
2910
2908
2910
2905
2911
2912
2906
2901
2906
2906
2908
2909
2910
2906
2914
2908
2902
2910
2900
2908
2910
2909
2904
2907
2907
2909
2910
2905
2905
2911
2909
2900
2902
2903
2905
2906
2908
2908
2907
2898
2905
2912
2912
2907
2903
2906
2903
2907
2896
2906
2905
2902
2903
2900
2901
2910
2909
2903
2910
2900
2902
2901
2906
2903
2898
2903
2907
2904
2897
2905
2898
2905
2910
2906
2906
2904
2899
2900
2897
2903
2897
2898
2900
2906
2908
2904
2903
2896
2904
2902
2897
2901
2896
2904
2899
2902
2902
2897
2900
2899
2903
2898
2897
2897
2906
2900
2900
2905
2898
2894
2896
2895
2904
2899
2903
2901
2900
2897
2892
2891
2899
2897
2901
2900
2899
2902
2891
2895
2900
2896
2893
2905
2898
2893
2896
2892
2892
2893
2897
2892
2900
2897
2890
2896
2898
2892
2889
2899
2898
2890
2895
2894
2898
2893
2897
2898
2899
2897
2892
2889
2896
2896
2894
2894
2898
2891
2896
2896
2893
2894
2891
2885
2894
2890
2893
2893
2893
2891
2899
2889
2893
2890
2891
2895
2895
2892
2893
2892
2897
2885
2890
2886
2890
2888
2888
2892
2889
2890
2891
2892
2887
2895
2897
2893
2888
2890
2894
2887
2890
2882
2884
2893
2890
2888
2890
2880
2889
2887
2885
2890
2889
2889
2895
2890
2881
2888
2882
2888
2884
2888
2887
2888
2889
2888
2886
2891
2888
2885
2888
2887
2891
2880
2890
2886
2882
2881
2891
2889
2889
2884
2888
2877
2877
2886
2887
2880
2883
2884
2881
2885
2882
2884
2884
2888
2878
2885
2883
2879
2886
2881
2882
2888
2886
2882
2875
2882
2887
2878
2884
2879
2886
2883
2890
2879
2888
2882
2884
2880
2882
2884
2884
2878
2886
2884
2877
2880
2882
2873
2879
2882
2886
2882
2876
2885
2876
2880
2876
2883
2883
2881
2883
2880
2885
2880
2875
2878
2875
2876
2880
2876
2880
2877
2881
2877
2881
2874
2878
2877
2877
2878
2878
2881
2872
2872
2878
2878
2880
2874
2870
2880
2870
2876
2877
2870
2878
2880
2869
2874
2876
2878
2877
2875
2870
2878
2879
2875
2877
2876
2873
2876
2875
2873
2873
2879
2877
2874
2874
2875
2876
2877
2868
2879
2873
2871
2878
2871
2877
2876
2880
2874
2866
2872
2872
2873
2871
2876
2870
2868
2868
2869
2874
2866
2873
2868
2874
2870
2873
2873
2871
2871
2869
2870
2870
2863
2869
2869
2864
2863
2873
2865
2864
2869
2872
2869
2870
2867
2872
2871
2867
2866
2868
2863
2865
2870
2868
2868
2872
2871
2871
2863
2864
2867
2865
2870
2861
2866
2866
2861
2866
2867
2872
2862
2864
2851
2865
2867
2860
2866
2866
2870
2870
2867
2872
2869
2865
2865
2858
2867
2866
2862
2862
2864
2865
2867
2870
2859
2866
2860
2872
2858
2863
2858
2861
2869
2862
2868
2866
2867
2863
2858
2859
2862
2865
2860
2869
2867
2859
2865
2861
2869
2865
2862
2863
2863
2860
2863
2859
2861
2863
2858
2869
2863
2859
2861
2862
2868
2866
2854
2863
2853
2857
2865
2859
2860
2862
2861
2858
2859
2858
2854
2865
2860
2863
2861
2860
2860
2859
2863
2865
2864
2859
2858
2866
2859
2860
2857
2852
2863
2857
2855
2858
2858
2852
2858
2854
2858
2857
2856
2851
2857
2855
2856
2859
2855
2853
2861
2862
2851
2850
2858
2860
2857
2856
2858
2859
2852
2858
2856
2858
2859
2848
2851
2862
2853
2860
2850
2856
2850
2853
2853
2849
2855
2854
2852
2849
2852
2854
2852
2849
2856
2849
2857
2855
2854
2854
2850
2854
2858
2855
2855
2854
2852
2850
2856
2856
2846
2847
2845
2843
2852
2853
2851
2845
2846
2849
2849
2848
2857
2849
2848
2846
2842
2850
2850
2853
2844
2853
2848
2845
2845
2843
2848
2851
2848
2845
2854
2854
2850
2848
2846
2846
2848
2844
2841
2842
2851
2844
2848
2846
2845
2849
2846
2848
2847
2846
2842
2848
2843
2847
2844
2851
2844
2844
2848
2848
2845
2848
2845
2845
2846
2843
2850
2839
2849
2845
2840
2848
2846
2846
2845
2852
2838
2846
2846
2842
2837
2851
2845
2850
2846
2841
2844
2842
2840
2837
2840
2844
2847
2842
2835
2842
2838
2842
2838
2840
2839
2838
2843
2840
2845
2833
2839
2836
2837
2844
2836
2838
2834
2841
2840
2840
2839
2846
2838
2839
2842
2840
2844
2832
2838
2842
2836
2845
2833
2836
2840
2833
2838
2836
2837
2835
2835
2840
2834
2834
2837
2840
2839
2826
2835
2832
2835
2836
2838
2835
2836
2842
2832
2838
2839
2839
2833
2843
2836
2842
2841
2842
2836
2842
2837
2833
2836
2837
2839
2836
2834
2828
2838
2834
2829
2830
2831
2837
2832
2836
2834
2832
2839
2834
2834
2829
2831
2831
2831
2839
2830
2834
2837
2831
2829
2832
2832
2835
2836
2835
2836
2827
2834
2828
2829
2837
2836
2832
2830
2830
2827
2829
2834
2826
2832
2835
2837
2827
2828
2828
2825
2824
2823
2830
2834
2830
2824
2831
2828
2822
2833
2824
2826
2829
2827
2821
2830
2831
2831
2824
2825
2823
2829
2828
2822
2834
2831
2826
2825
2822
2833
2830
2823
2835
2823
2826
2823
2831
2824
2825
2827
2829
2819
2828
2827
2829
2829
2832
2827
2826
2828
2824
2830
2832
2820
2823
2818
2820
2828
2824
2818
2824
2822
2819
2826
2820
2829
2823
2827
2826
2827
2828
2826
2823
2828
2827
2820
2828
2824
2824
2830
2822
2821
2828
2825
2817
2825
2828
2826
2829
2819
2823
2820
2821
2821
2824
2820
2828
2823
2827
2816
2817
2820
2826
2819
2821
2817
2820
2824
2821
2825
2825
2820
2827
2822
2820
2820
2819
2822
2820
2822
2817
2823
2816
2816
2819
2820
2819
2812
2819
2821
2820
2825
2824
2818
2818
2820
2826
2819
2818
2814
2826
2819
2818
2821
2818
2816
2820
2818
2818
2814
2824
2818
2819
2812
2819
2820
2823
2820
2815
2822
2818
2817
2813
2822
2817
2821
2818
2815
2823
2821
2821
2818
2822
2814
2819
2816
2820
2812
2830
2812
2817
2810
2813
2808
2813
2816
2818
2814
2815
2819
2817
2809
2819
2809
2816
2816
2821
2811
2810
2814
2815
2815
2806
2813
2812
2811
2816
2812
2814
2815
2818
2817
2812
2819
2812
2815
2809
2818
2807
2804
2811
2810
2806
2813
2819
2810
2815
2812
2805
2815
2813
2805
2809
2809
2807
2811
2814
2808
2809
2817
2810
2811
2815
2815
2815
2809
2808
2808
2810
2806
2810
2808
2810
2810
2815
2815
2808
2813
2806
2803
2816
2815
2813
2809
2807
2806
2804
2808
2805
2807
2805
2807
2802
2805
2808
2800
2812
2809
2815
2808
2807
2807
2802
2808
2808
2808
2811
2806
2812
2808
2811
2810
2811
2801
2805
2812
2810
2802
2806
2805
2803
2809
2803
2806
2810
2802
2808
2807
2804
2803
2810
2803
2800
2800
2803
2804
2807
2810
2805
2801
2808
2799
2802
2803
2799
2807
2811
2806
2809
2803
2810
2804
2805
2804
2803
2802
2805
2802
2800
2800
2805
2801
2802
2799
2802
2801
2800
2808
2805
2802
2808
2795
2806
2798
2807
2809
2800
2808
2811
2800
2795
2794
2806
2800
2804
2806
2801
2806
2810
2808
2805
2800
2804
2803
2805
2802
2804
2803
2798
2807
2806
2796
2797
2800
2807
2801
2798
2802
2799
2804
2800
2800
2804
2798
2797
2796
2795
2801
2797
2792
2800
2797
2803
2797
2802
2797
2793
2802
2804
2800
2799
2800
2803
2798
2797
2795
2803
2794
2801
2801
2797
2796
2795
2793
2799
2800
2798
2795
2802
2802
2797
2797
2789
2795
2792
2798
2797
2797
2797
2796
2797
2791
2801
2796
2792
2798
2802
2794
2791
2801
2793
2791
2791
2795
2794
2794
2790
2797
2801
2801
2794
2794
2799
2800
2791
2798
2791
2794
2797
2800
2797
2795
2791
2800
2791
2794
2793
2789
2792
2802
2793
2789
2799
2801
2793
2793
2801
2798
2799
2790
2795
2787
2792
2794
2792
2793
2792
2798
2790
2799
2796
2795
2796
2797
2786
2792
2796
2790
2795
2791
2788
2790
2794
2788
2788
2789
2792
2795
2797
2787
2793
2797
2797
2792
2791
2791
2791
2790
2794
2792
2792
2790
2788
2782
2790
2791
2790
2791
2791
2787
2789
2790
2791
2787
2789
2788
2786
2795
2796
2790
2790
2792
2787
2788
2795
2790
2789
2787
2789
2790
2794
2788
2789
2788
2786
2781
2789
2781
2789
2787
2789
2790
2794
2786
2787
2790
2784
2785
2786
2788
2785
2784
2792
2793
2785
2790
2787
2782
2792
2786
2785
2785
2784
2787
2778
2778
2788
2782
2784
2791
2780
2785
2792
2783
2784
2782
2781
2781
2792
2784
2790
2787
2782
2789
2788
2788
2783
2781
2783
2784
2777
2784
2785
2787
2784
2781
2784
2782
2783
2782
2781
2779
2778
2772
2781
2783
2777
2789
2784
2786
2782
2783
2781
2777
2776
2790
2787
2786
2782
2779
2786
2783
2784
2783
2785
2786
2779
2779
2774
2778
2781
2778
2783
2781
2778
2780
2771
2776
2785
2778
2777
2781
2779
2784
2774
2778
2781
2785
2775
2780
2779
2780
2772
2785
2777
2787
2779
2778
2776
2779
2779
2780
2777
2778
2774
2778
2781
2781
2777
2776
2781
2781
2779
2781
2770
2777
2782
2776
2770
2785
2781
2775
2778
2776
2770
2778
2779
2777
2781
2778
2775
2781
2772
2777
2771
2775
2776
2779
2777
2774
2781
2781
2782
2773
2775
2775
2779
2773
2774
2776
2770
2771
2779
2779
2777
2778
2773
2769
2769
2776
2772
2774
2776
2773
2773
2772
2777
2777
2775
2773
2769
2774
2770
2774
2772
2768
2771
2776
2779
2773
2776
2769
2775
2770
2777
2775
2767
2777
2772
2770
2770
2769
2765
2771
2773
2770
2773
2766
2767
2774
2770
2766
2769
2766
2772
2769
2769
2767
2774
2769
2765
2767
2768
2773
2771
2771
2769
2773
2773
2769
2773
2773
2766
2763
2767
2766
2771
2763
2768
2769
2767
2767
2765
2769
2766
2770
2769
2763
2769
2765
2767
2759
2760
2769
2763
2772
2768
2768
2775
2766
2762
2768
2770
2770
2761
2761
2760
2770
2764
2769
2764
2768
2765
2772
2766
2763
2773
2764
2762
2763
2766
2766
2760
2766
2767
2760
2761
2766
2770
2767
2768
2765
2762
2765
2761
2763
2763
2770
2770
2767
2762
2762
2765
2768
2764
2770
2762
2758
2759
2767
2763
2764
2759
2761
2767
2763
2766
2769
2764
2757
2763
2760
2756
2759
2763
2759
2761
2763
2764
2759
2762
2757
2767
2757
2763
2761
2764
2764
2756
2761
2758
2764
2761
2761
2758
2759
2759
2762
2760
2764
2756
2760
2767
2760
2754
2757
2764
2757
2766
2759
2760
2759
2762
2756
2760
2759
2754
2760
2758
2759
2760
2761
2764
2758
2757
2760
2763
2757
2758
2756
2756
2756
2762
2758
2760
2760
2757
2763
2755
2766
2754
2757
2759
2759
2759
2764
2753
2760
2756
2757
2762
2756
2752
2756
2757
2760
2756
2762
2756
2748
2752
2756
2761
2759
2753
2756
2760
2754
2754
2753
2756
2754
2758
1860
2757
2751
2753
2758
2758
2752
2755
2760
2753
2755
2752
2750
2756
2756
2753
2754
2752
2756
2754
2749
2755
2754
2750
2752
2754
2751
2760
2754
2756
2754
2752
2758
2754
2750
2752
2754
2751
2750
2759
2754
2750
2752
2753
2757
2754
2753
2755
2749
2746
2751
2744
2748
2751
2755
2751
2745
2757
2754
2756
2748
2758
2748
2753
2752
2751
2749
2753
2753
2751
2751
2751
2756
2752
2753
2748
2751
2754
2756
2753
2752
2746
2751
2749
2751
2757
2745
2752
2745
2750
2750
2744
2748
2756
2749
2743
2751
2748
2753
2747
2749
2744
2744
2753
2747
2745
2748
2751
2743
2749
2748
2749
2747
2742
2747
2747
2747
2745
2751
2750
2752
2746
2749
2742
2745
2742
2747
2746
2750
2748
2750
2748
2745
2744
2749
2748
2740
2747
2746
2745
2744
2749
2750
2750
2747
2750
2743
2747
2746
2740
2744
2750
2741
2748
2745
2748
2746
2743
2744
2747
2742
2749
2751
2742
2744
2746
2742
2741
2744
2742
2740
2749
2744
2746
2267
2746
2742
2740
2738
2748
2743
2743
2740
2742
2740
2739
2746
2743
2742
2743
2742
2746
2740
2745
2746
2737
2744
2743
2735
2743
2740
2744
2743
2739
2747
2738
2739
2744
2743
2742
2743
2742
2739
2743
2743
2743
2742
2742
2741
2744
2743
2738
2742
2738
2740
2745
2741
2739
2740
2736
2738
2741
2738
2741
2739
2742
2738
2741
2737
2741
2737
2740
2743
2739
2736
2738
2738
2739
2739
2739
2741
2740
2742
2736
2741
2741
2736
2737
2258
2742
2734
2738
2744
2731
2741
2736
2743
2736
2746
2741
2737
2736
2736
2737
2738
2743
2736
2740
2740
2735
2733
2739
2743
2734
2739
2743
2741
2736
2731
2737
2734
2731
2736
2733
2736
2736
2733
2733
2736
2728
2729
2739
2742
2732
2738
2736
2733
2737
2740
2733
2739
2742
2734
2738
2730
2735
2730
2734
2734
2737
2734
2740
2733
2729
2733
2730
2732
2730
2737
2740
2736
2729
2741
2731
2729
2741
2737
2735
2739
2736
2730
2733
2731
2734
2737
2733
2730
2736
2733
2731
2733
2731
2735
2737
2727
2732
2730
2728
2737
2731
2733
2733
2731
2730
2735
2733
2730
2728
2728
2732
2735
2734
2728
2728
2725
2732
2734
2729
2734
2731
2721
2726
2729
2727
2732
2730
2727
2732
2726
2727
2725
2722
2731
2725
2733
2731
2729
2732
2728
2728
2727
2722
2729
2731
2726
2723
2730
2731
2733
2728
2726
2722
2731
2729
2723
2729
2724
2728
2725
2722
2731
2725
2725
2727
2727
2727
2720
2728
2721
2722
2733
2727
2726
2727
2728
2726
2725
2727
2725
2723
2726
2726
2722
2724
2724
2726
2726
2725
2724
2723
2721
2724
2729
2721
2728
2721
2725
2726
2727
2724
2728
2722
2724
2722
2725
2728
2726
2726
2724
2726
2724
2724
2727
2722
2725
2725
2722
2721
2726
2727
2722
2723
2718
2727
2727
2723
2723
2724
2728
2724
2723
2722
2719
2725
2726
2727
2720
2716
2717
2719
2723
2718
2722
2723
2728
2722
2727
2718
2726
2721
2721
2727
2723
2727
2721
2722
2716
2719
2724
2723
2721
2720
2721
2714
2716
2720
2721
2714
2718
2724
2719
2724
2719
2719
2714
2723
2720
2723
2717
2719
2719
2716
2714
2719
2716
2722
2719
2719
2723
2718
2722
2724
2714
2719
2713
2715
2722
2715
2717
2716
2716
2719
2722
2718
2714
2713
2717
2715
2714
2715
2717
2719
2718
2716
2714
2716
2718
2712
2718
2719
2709
2712
2710
2714
2715
2716
2722
2718
2721
2712
2708
2721
2717
2715
2719
2711
2715
2714
2719
2718
2717
2711
2714
2720
2718
2716
2715
2716
2715
2716
2720
2717
2717
2715
2715
2713
2716
2717
2706
2712
2716
2709
2712
2717
2718
2719
2710
2717
2713
2715
2719
2710
2710
2714
2716
2709
2712
2708
2714
2713
2712
2709
2715
2710
2713
2712
2708
2717
2711
2708
2712
2716
2715
2712
2705
2713
2708
2715
2712
2705
2710
2714
2714
2706
2712
2708
2711
2711
2712
2713
2710
2714
2703
2710
2713
2710
2706
2712
2711
2711
2713
2711
2708
2713
2710
2712
2708
2711
2705
2706
2710
2705
2708
2708
2701
2711
2710
2708
2711
2704
2701
2712
2708
2706
2705
2712
2707
2709
2705
2708
2704
2711
2709
2707
2706
2712
2706
2706
2708
2711
2706
2706
2706
2703
2707
2705
2711
2710
2712
2698
2709
2709
2709
2704
2707
2703
2707
2703
2705
2714
2706
2702
2712
2710
2708
2710
2713
2706
2709
2705
2706
2707
2702
2703
2709
2706
2708
2707
2703
2709
2707
2701
2712
2709
2713
2710
2706
2705
2706
2706
2707
2711
2708
2708
2710
2712
2707
2696
2700
2704
2697
2703
2706
2709
2699
2704
2704
2707
2705
2703
2707
2705
2710
2707
2704
2699
2700
2702
2704
2702
2702
2705
2708
2704
2705
2704
2704
2700
2709
2700
2706
2698
2703
2706
2698
2698
2704
2698
2705
2705
2706
2705
2702
2704
2703
2710
2698
2707
2701
2702
2706
2706
2698
2699
2699
2699
2703
2702
2699
2701
2701
2704
2703
2701
2703
2695
2703
2703
2699
2704
2706
2698
2697
2699
2695
2698
2699
2706
2701
2704
2701
2703
2703
2705
2705
2704
2700
2699
2701
2704
2697
2706
2698
2697
2703
2699
2704
2695
2695
2697
2695
2694
2701
2698
2697
2697
2697
2698
2702
2699
2699
2694
2698
2701
2700
2699
2697
2700
2693
2699
2693
2695
2701
2702
2701
2699
2698
2697
2699
2693
2696
2703
2703
2703
2697
2702
2694
2697
2695
2699
2697
2701
2694
2699
2697
2694
2696
2695
2695
2698
2700
2695
2697
2701
2695
2697
2700
2700
2696
2699
2699
2690
2699
2698
2701
2700
2695
2702
2697
2696
2694
2694
2695
2695
2695
2697
2698
2698
2691
2694
2700
2696
2699
2696
2697
2695
2696
2690
2693
2693
2690
2695
2691
2696
2700
2696
2690
2696
2691
2694
2700
2689
2695
2688
2691
2699
2687
2700
2691
2695
2695
2700
2689
2697
2698
2136
2699
2691
2691
2690
2695
2690
2693
2695
2693
2687
2693
2689
2691
2693
2689
2687
2695
2687
2690
2696
2687
2689
2692
2688
2691
2689
2692
2692
2694
2693
2694
2690
2697
2691
2688
2686
2695
2690
2692
2692
2690
2692
2691
2690
2693
2685
2691
2692
2693
2697
2687
2686
2686
2686
2691
2696
2689
2690
2690
2689
2694
2691
2694
2685
2684
2694
2691
2691
2691
2696
2693
2688
2693
2687
2695
2690
2686
2691
2686
2686
2688
2687
2687
2690
2683
2687
2684
2693
2689
2684
2686
2689
2684
2692
2685
2688
2688
2691
2685
2688
2687
2687
2679
2692
2682
2690
2683
2685
2685
2688
2681
2686
2687
2685
2693
2687
2692
2681
2690
2686
2686
2681
2689
2690
2687
2690
2687
2694
2678
2687
2685
2683
2691
2683
2691
2686
2689
2685
2685
2690
2693
2680
2680
2687
2684
2692
2685
2683
2680
2682
2682
2683
2684
2688
2684
2682
2686
2688
2680
2682
2686
2685
2680
2682
2683
2684
2689
2687
2683
2689
2685
2680
2687
2683
2682
2680
2685
2685
2686
2683
2684
2683
2676
2686
2677
2686
2682
2681
2677
2686
2688
2684
2681
2681
2682
2685
2688
2682
2688
2690
2681
2687
2678
2680
2681
2681
2680
2681
2682
2684
2683
2686
2681
2683
2683
2681
2686
2684
2682
2681
2677
2687
2683
2684
2681
2677
2679
2685
2679
2680
2677
2680
2676
2677
2685
2677
2676
2681
2683
2685
2678
2682
2679
2678
2683
2674
2677
2679
2678
2679
2674
2678
2673
2685
2684
2681
2676
2681
2677
2681
2684
2680
2682
2681
2680
2683
2678
2683
2680
2671
2678
2682
2682
2675
2678
2679
2672
2675
2673
2678
2678
2673
2678
2675
2678
2675
2680
2679
2672
2675
2676
2672
2674
2681
2679
2681
2677
2679
2679
2673
2672
2675
2673
2674
2679
2681
2673
2669
2679
2675
2673
2675
2680
2671
2674
2673
2677
2675
2673
2674
2678
2675
2676
2678
2672
2672
2676
2673
2674
2670
2674
2674
2668
2680
2675
2675
2672
2672
2673
2673
2675
2672
2671
2678
2672
2668
2674
2670
2677
2674
2672
2673
2670
2672
2674
2669
2669
2674
2673
2673
2678
2675
2672
2669
2670
2670
2678
2670
2669
2672
2673
2673
2676
2672
2666
2668
2669
2669
2669
2668
2670
2674
2671
2674
2666
2672
2674
2670
2672
2664
2664
2673
2665
2669
2671
2669
2672
2671
2666
2667
2673
2670
2670
2671
2670
2671
2670
2665
2673
2666
2671
2668
2670
2667
2665
2669
2667
2668
2666
2668
2670
2668
2664
2663
2662
2659
2666
2661
2665
2669
2673
2663
2662
2666
2668
2669
2663
2665
2665
2671
2665
2671
2670
2662
2661
2668
2664
2664
2669
2667
2667
2670
2670
2666
2673
2660
2667
2667
2658
2666
2670
2665
2664
2665
2667
1996
2657
2664
2665
2668
2665
2665
2665
2663
2667
2666
2669
2667
2665
2671
2665
2663
2671
2666
2666
2660
2661
2664
2662
2668
2667
2664
2662
2661
2669
2664
2665
2663
2659
2662
2662
2666
2657
2662
2658
2663
2670
2668
2668
2667
2662
2662
2663
2656
2670
2663
2666
2661
2659
2668
2656
2665
2665
2656
2655
2669
2661
2659
2664
2655
2657
2659
2663
2659
2663
2666
2667
2661
2657
2662
2660
2655
2660
2665
2659
2660
2664
2656
2660
2659
2656
2655
2660
2659
2662
2663
2656
2654
2660
2655
2662
2660
2662
2660
2663
2660
2654
2666
2657
2664
2658
2658
2656
2656
2655
2666
2658
2664
2656
2657
2660
2662
2661
2662
2655
2658
2656
2656
2654
2657
2659
2661
2656
2657
2651
2656
2656
2658
2658
2655
2660
2661
2658
2653
2660
2654
2655
2660
2659
2649
2658
2655
2661
2659
2661
2652
2656
2652
2658
2657
2653
2657
2650
2657
2656
2657
2656
2653
2660
2652
2656
2658
2656
2658
2658
2655
2660
2656
2654
2653
2654
2658
2657
2655
2653
2654
2654
2662
2657
2656
2656
2659
2656
2653
2652
2656
2654
2656
2655
2647
2651
2660
2654
2649
2653
2652
2659
2653
2656
2657
2649
2653
2656
2652
2654
2652
2658
2645
2652
2649
2651
2654
2647
2656
2654
2651
2657
2657
2652
2652
2655
2652
2655
2648
2655
2653
2652
2647
2650
2653
2656
2656
2653
2653
2648
2647
2644
2646
2645
2649
2649
2651
2655
2654
2644
2651
2649
2654
2653
2646
2658
2645
2652
2651
2651
2650
2652
2651
2648
2651
2654
2654
2653
2646
2655
2651
2651
2652
2655
2650
2649
2653
2652
2647
2653
2647
2650
2651
2644
2648
2651
2648
2648
2647
2648
2647
2649
2645
2654
2654
2646
2646
2644
2645
2651
2645
2646
2642
2647
2651
2650
2644
2645
2648
2645
2646
2650
2645
2647
2649
2650
2642
2647
2645
2650
2643
2649
2640
2642
2645
2646
2651
2647
2651
2650
2648
2644
2646
2642
2643
2646
2654
2640
2650
2645
2648
2642
2647
2646
2648
2639
2649
2643
2647
2647
2646
2646
2646
2646
2644
2652
2645
2646
2644
2646
2647
2641
2644
2647
2651
2644
2652
2650
2645
2644
2641
2639
2647
2641
2645
2644
2646
2648
2641
2649
2639
2647
2643
2644
2647
2650
2642
2648
2644
2643
2645
2641
2648
2645
2646
2643
2649
2644
2645
2641
2640
2643
2649
2643
2643
2645
2640
2638
2644
2645
2636
2646
2641
2648
2641
2638
2637
2646
2643
2637
2646
2645
2638
2636
2641
2639
2642
2641
2642
2646
2639
2647
2641
2638
2636
2646
2643
2640
2642
2640
2637
2637
2639
2641
2641
2640
2646
2646
2636
2637
2643
2641
2647
2638
2644
2642
2640
2641
2643
2646
2634
2642
2641
2645
2638
2643
2645
2639
2643
2638
2641
2642
2636
2642
2641
2247
2640
2640
2643
2640
2640
2632
2644
2637
2633
2644
2643
2638
2634
2641
2637
2632
2644
2633
2640
2641
2633
2640
2644
2638
2637
2641
2638
2636
2633
2633
2638
2635
2634
2640
2638
2642
2639
2633
2635
2644
2639
2635
2634
2638
2638
2638
2633
2632
2637
2637
2633
2638
2630
2639
2636
2638
2637
2637
2637
2632
2637
2634
2634
2633
2640
2636
2640
2632
2634
2633
2635
2638
2630
2639
2631
2634
2633
2629
2637
2631
2633
2636
2635
2636
2632
2632
2637
2631
2631
2637
2631
2631
2633
2629
2639
2629
2635
2631
2630
2637
2634
2638
2630
2629
2631
2630
2628
2637
2633
2634
2636
2635
2635
2630
2633
2632
2636
2628
2637
2633
2631
2633
2641
2631
2627
2631
2634
2640
2632
2631
2633
2634
2636
2637
2632
2636
2636
2634
2636
2629
2632
2632
2634
2636
2631
2626
2633
2631
2630
2633
2630
2627
2627
2631
2628
2635
2630
2630
2636
2634
2626
2632
2625
2627
2624
2637
2630
2632
2631
2628
2628
2634
2631
2626
2635
2632
2628
2630
2626
2627
2635
2628
2627
2625
2632
2625
2627
2633
2625
2628
2633
2632
2628
2629
2629
2632
2629
2635
2634
2632
2629
2629
2629
2633
2623
2624
2628
2629
2631
2630
2629
2624
2626
2632
2631
2629
2623
2634
2624
2631
2630
2630
2629
2628
2624
2630
2625
2623
2626
2626
2631
2626
2632
2626
2626
2628
2627
2622
2626
2626
2627
2633
2626
2627
2629
2626
2624
2629
2621
2629
2629
2628
2622
2626
2624
2630
2631
2626
2627
2628
2626
2621
2625
2618
2624
2618
2619
2629
2628
2620
2624
2622
2624
2627
2621
2625
2623
2624
2624
2621
2623
2617
2626
2624
2621
2624
2626
2619
2620
2621
2625
2624
2621
2622
2628
2623
2621
2627
2621
2621
2624
2616
2622
2618
2619
2621
2620
2622
2623
2621
2621
2619
2623
2623
2624
2627
2620
2625
2627
2619
2626
2622
2629
2618
2624
2622
2617
2627
2622
2616
2623
2625
2623
2623
2620
2620
2620
2619
2621
2616
2618
2617
2624
2624
2620
2620
2624
2623
2618
2624
2617
2621
2616
2618
2621
2618
2621
2619
2617
2620
2620
2625
2617
2141
2616
2624
2616
2613
2627
2618
2617
2618
2617
2614
2618
2614
2616
2614
2617
2622
2616
2621
2614
2620
2620
2615
2614
2619
2620
2614
2618
2621
2621
2622
2623
2610
2611
2614
2624
2622
2622
2618
2618
2610
2616
2615
2614
2614
2618
2614
2620
2615
2621
2623
2613
2620
2614
2617
2613
2619
2620
2615
2618
2611
2616
2618
2622
2617
2622
2614
2615
2617
2615
2617
2614
2619
2613
2615
2615
2611
2616
2614
2616
2614
2611
2616
2609
2612
2614
2615
2619
2612
2615
2621
2615
2615
2618
2616
2612
2608
2606
2615
2615
2615
2617
2614
2619
2612
2616
2607
2613
2613
2609
2614
2612
2614
2617
2611
2613
2614
2245
2617
2612
2618
2612
2613
2617
2617
2612
2615
2606
2617
2618
2610
2609
2609
2614
2612
2612
2615
2613
2612
2618
2611
2618
2613
2610
2615
2612
2614
2610
2612
2613
2606
2614
2611
2611
2614
2613
2609
2615
2607
2615
2608
2619
2613
2606
2606
2605
2615
2618
2612
2614
2608
2617
2613
2614
2616
2612
2610
2614
2605
2611
2612
2609
2604
2607
2612
2610
2607
2606
2611
2614
2611
2611
2616
2612
2609
2609
2606
2609
2604
2610
2615
2608
2609
2608
2611
2611
2610
2611
2611
2603
2606
2611
2607
2612
2606
2612
2609
2614
2609
2607
2605
2616
2605
2609
2601
2609
2606
2612
2604
2609
2607
2613
2613
2614
2606
2607
2607
2607
2605
2603
2605
2610
2604
2603
2608
2606
2611
2603
2605
2605
2608
2602
2607
2598
2604
2605
2612
2607
2608
2607
2609
2609
2600
2604
2610
2599
2605
2608
2603
2609
2608
2609
2606
2603
2606
2605
2603
2597
2603
2608
2607
2602
2606
2600
2604
2606
2603
2599
2610
2601
2605
2599
2608
2604
2601
2606
2600
2602
2602
2606
2607
2603
2605
2603
2605
2602
2604
2605
2600
2606
2605
2600
2605
2603
2603
2604
2598
2601
2603
2600
2602
2605
2608
2606
2602
2604
2603
2599
2603
2600
2607
2608
2604
2605
2603
2605
2602
2603
2604
2604
2597
2606
2608
2601
2601
2607
2597
2599
2602
2605
2599
2602
2604
2605
2603
2603
2599
2608
2599
2601
2600
2605
2608
2601
2606
2601
2604
2600
2601
2605
2605
2599
2596
2597
2602
2596
2601
2601
2605
2602
2601
2599
2601
2600
2599
2602
2596
2601
2597
2594
2600
2607
2596
2603
2604
2605
2598
2601
2602
2158
2598
2598
2594
2596
2594
2598
2598
2595
2592
2595
2603
2599
2603
2604
2597
2601
2600
2595
2595
2597
2595
2605
2591
2593
2598
2601
2598
2605
2596
2604
2604
2594
2599
2601
2602
2597
2594
2597
2602
2600
2598
2597
2598
2597
2598
2600
2596
2598
2598
2591
2594
2598
2602
2591
2599
2596
2592
2600
2595
2598
2600
2590
2597
2598
2602
2594
2594
2597
2594
2596
2596
2596
2599
2600
2600
2591
2593
2592
2593
2593
2575
2593
2589
2598
2589
2596
2591
2589
2591
2599
2598
2592
2591
2137
2598
2594
2590
2595
2594
2591
2592
2593
2593
2588
2597
2595
2594
2593
2597
2599
2591
2592
2595
2595
2593
2599
2589
2590
2595
2594
2595
2588
2591
2593
2597
2590
2596
2593
2596
2595
2591
2593
2595
2594
2598
2596
2591
2593
2588
2597
2590
2589
2586
2600
2587
2592
2590
2592
2594
2593
2589
2587
2591
2587
2587
2595
2594
2590
2586
2592
2589
2594
2587
2593
2590
2587
2593
2592
2591
2593
2589
2589
2594
2595
2593
2590
2597
2590
2596
2594
2591
2592
2591
2588
2595
2584
2590
2591
2590
2590
2589
2595
2590
2589
2587
2593
2589
2593
2583
2589
2591
2593
2589
2584
2585
2586
2586
2591
2590
2585
2588
2589
2583
2585
2585
2588
2588
2587
2588
2589
2588
2586
2586
2589
2592
2589
2587
2585
2587
2589
2590
2587
2588
2587
2586
2585
2589
2587
2587
2583
2581
2591
2587
2589
2586
2583
2586
2579
2593
2583
2589
2584
2586
2585
2586
2584
2585
2583
2585
2586
2587
2590
2583
2591
2589
2583
2587
2585
2589
2586
2585
2586
2584
2586
2582
2582
2587
2586
2581
2586
2587
2586
2593
2583
2584
2583
2588
2589
2588
2585
2579
2588
2590
2579
2583
2590
2576
2580
2580
2584
2584
2586
2581
2590
2582
2584
2581
2583
2579
2583
2586
2585
2583
2587
2585
2582
2580
2582
2588
2582
2582
2581
2583
2584
2583
2584
2583
2581
2584
2588
2582
2579
2589
2579
2584
2574
2582
2583
2581
2580
2577
2580
2586
2582
2585
2585
2583
2581
2586
2581
2578
2585
2583
2579
2579
2579
2582
2589
2580
2585
2579
2577
2576
2583
2579
2585
2576
2584
2580
2579
2578
2582
2579
2584
2577
2580
2575
