48969
83156
16558
22270
69792
72096
59964
10695
75729
5249
11778
83151
5224
69667
34805
61729
3488
9296
71169
19354
13003
65603
28021
71550
20450
58219
22226
80155
57677
62490
82723
14879
79333
77957
62931
52092
47216
7899
39451
6136
16127
45436
53339
14437
86356
436
4362
11455
17019
60337
58136
85985
23283
4874
79153
79298
37239
77291
76698
46934
25937
53121
18030
85770
51112
56267
39172
20447
9898
62079
58807
393
42933
25088
80818
448
13806
57076
10894
17169
61283
8357
72803
63616
73937
47356
40778
78816
40131
62231
61925
78577
11194
31696
17613
14782
69377
76438
29189
64853
35554
49233
6172
55813
75474
8311
46489
67013
43809
9830
66201
40795
20774
70305
55059
71132
66110
56927
80643
46547
13937
43237
76305
54157
59439
55500
80289
37645
44121
53829
44950
55910
52300
45463
21166
36940
58258
41618
60802
20967
55936
81299
74199
25065
83689
53567
24345
59098
71219
68925
48781
57207
79521
22491
56185
42326
49483
59797
10162
62314
20009
78328
64
2217
64775
20034
51589
61430
86385
58717
38700
12630
2321
17244
78734
63128
78943
63026
18304
21285
2036
86357
27530
74629
84249
29911
54518
14780
7843
72206
25931
77370
65695
48223
46405
27601
17318
70097
67876
3151
10638
18814
23046
26016
82191
73550
71434
61622
76329
80825
18168
81382
43398
73370
66751
6744
81433
56091
57516
54299
30279
84968
7411
1254
78531
69959
6494
80996
75761
41275
77250
16748
38314
73416
3340
78596
33754
66647
52616
63983
1712
2371
10231
76958
64340
63706
38645
76505
65701
18887
8239
54071
8249
53751
54143
69066
55564
82241
78945
81090
72924
31325
70790
15590
69036
61156
4713
45903
82799
83674
86112
71677
81547
67363
86014
75304
42896
10547
61698
52437
948
79645
16509
69684
12533
82203
59741
9173
69911
26469
49164
15374
15285
70620
6960
48989
85808
5646
59851
3321
6014
83191
77019
5175
38043
56291
46133
5990
57727
83828
85418
82734
82116
83993
55610
58069
53703
74887
60747
66371
2379
35986
41613
49247
56141
31924
72423
52443
31509
79313
70895
61185
42512
83440
7550
76357
85333
7333
81165
8046
64741
30125
5236
69429
82655
81058
82563
7104
19650
79731
48080
72697
26347
79615
59154
78425
45392
49180
7754
16998
8964
10907
5386
52382
78199
32113
24964
66665
78760
13739
11207
2459
3138
82021
76945
4437
53525
27202
48359
18738
23320
80911
2164
32
13073
62539
7952
42276
61632
1280
53323
77146
33952
50447
3393
20972
2930
6380
46384
69634
69176
85270
82958
82572
24317
69076
84636
82940
61360
73557
12655
47995
15758
58432
6068
30475
8102
38850
76615
23003
53296
20644
78786
4237
78065
27008
69774
44721
8284
8102
83589
80433
44142
60981
9294
52981
68678
3040
82958
74987
76128
34050
52248
22711
15464
66954
55642
77127
69938
37318
77211
77335
48072
59501
13836
1358
53981
6937
52694
45117
10066
5837
70214
40361
84470
51289
4755
76324
44108
78888
4285
19409
37134
11532
4008
11531
6280
13687
45692
83504
27968
53754
52330
72489
75040
85926
46149
11021
80014
64367
73918
47661
27767
4344
56974
14410
57990
39928
7203
57044
26322
66440
28550
47495
20903
71238
18608
49550
52767
57573
80948
17027
68788
21297
64742
76745
80931
61650
2123
33676
17893
19893
30468
37659
81378
45120
53118
10828
10947
10051
19754
75907
81006
74261
39275
84786
71211
40007
75001
55262
13054
22348
52938
76008
17520
72021
76776
76658
68757
60960
24012
48691
60613
71567
73056
61042
42262
74170
84544
61918
18691
50205
80174
55405
7238
17956
55552
64061
8360
68791
5289
5617
16029
86318
53171
3758
51245
26682
7507
78828
66512
52807
15269
67457
44690
80626
55119
82719
73104
85630
56531
69403
71917
46875
41126
9167
71870
2749
78911
51385
54894
7204
40174
49416
25811
14882
74377
81402
83106
15028
49319
46983
49644
45622
72996
73820
56212
65961
30244
80331
41328
65029
54522
18238
77666
76332
50133
52260
4197
58141
81321
65032
34762
53820
64316
59902
80552
36542
43598
184
39721
2490
37365
61268
62284
18425
2411
70392
7025
12427
62401
52768
4936
22645
43889
80562
2456
83252
8877
70542
82448
10476
40988
22647
42841
39922
49691
79867
77334
83697
31493
84116
82532
57165
82637
16390
23193
47547
69341
23060
38164
49836
65189
47210
32444
22873
72108
80556
54724
58838
80816
68402
74015
81883
61618
42997
77130
53442
81425
80276
3792
52786
57692
77772
11298
45621
33428
61568
6764
64551
43155
76865
82637
66582
84749
57015
950
15893
37711
28488
75405
5195
19180
6868
67951
37352
55174
30393
79493
13180
7856
68998
1366
72477
76979
57434
61718
61779
15268
43630
70561
24118
37409
59909
84311
20600
50554
84829
59621
19917
6377
52519
61801
32385
67230
68700
64966
85134
83670
54435
81606
55962
733
61402
5483
66307
75823
59802
55483
37522
32267
79568
60557
58124
14508
32572
81126
50515
63645
72754
35363
30361
63621
10805
66126
15864
49825
2295
61521
82133
83604
60559
64769
82069
79435
69333
1158
62299
11671
47203
47203
48686
60094
74818
72759
33151
54587
72963
6375
57399
70345
758
77425
70051
54074
81076
84486
4230
13809
80863
57799
54377
48772
76284
52117
49005
292
24068
36878
60888
75907
57364
66702
45896
80425
69201
35866
51979
21396
77465
1811
54253
11318
7799
35670
2063
72229
78541
41625
64962
18268
43620
59866
54735
85068
51363
65879
10811
64666
14548
24249
75263
82044
56734
48595
84799
1606
46724
740
12509
4750
3661
71454
57132
56369
48765
58097
60691
66849
73559
54536
10989
44689
4120
28261
59430
6108
52511
74000
33865
53562
83422
13256
74917
18182
54416
8369
73895
12974
74326
5107
80036
4783
4951
48377
24749
15395
42673
50015
60834
4781
11456
62513
3166
37362
85979
54378
56416
71301
78400
64062
6108
83117
55309
76013
53564
47048
11353
50283
81487
76940
52327
57836
79638
54225
42386
67949
51725
64864
57063
42573
15913
2076
36010
52694
60531
11044
53677
63586
45162
1073
36109
81888
72600
29928
9738
70165
66222
77758
71483
84183
19540
69572
3999
20769
54526
48323
77560
17505
73927
34473
55224
653
40147
19119
84363
65464
46922
72618
31273
68201
9903
53331
18042
40184
72748
49099
71059
56323
62423
53519
82036
34795
12838
19281
59361
22631
43853
845
40388
74578
32429
80526
40650
84801
73976
10592
21879
53125
86324
8671
63930
44726
29121
6564
17224
34621
57109
12618
56444
59972
32980
62226
77002
79319
4446
28555
73134
10530
51252
56348
52963
74862
8866
39074
79725
50649
49625
51168
71624
40673
76882
76458
65705
13838
40294
19947
74885
6386
33908
55818
73265
56002
66926
40619
54279
8905
85592
62503
67580
53258
2080
58210
83274
14738
70501
3365
48486
57212
45362
44774
19685
11330
80462
25369
25284
3092
18942
15393
68540
2907
3840
48290
77704
13664
19880
71170
41792
47757
13861
81232
9530
73595
29259
79060
64332
37348
62635
40432
61496
82276
1217
46666
70415
56523
78407
49441
29999
41302
9628
82646
76233
9924
63902
66098
65758
9346
62719
13292
80538
36752
5751
59918
38325
37466
82920
50546
14348
35635
67073
70498
47616
42176
69207
10085
7915
64858
19322
1198
76357
55251
18862
49017
1728
16699
5141
47834
23090
8950
64007
73471
43540
34330
762
17198
13344
10899
65284
79960
9439
49882
14043
55840
38040
54486
2197
43493
6938
57409
129
56819
36412
61429
30931
1948
42195
33415
54993
74235
14577
82275
34967
52994
49637
55624
25277
57176
3541
9869
4296
81850
43798
83705
74953
71982
79431
16180
46186
4287
21708
78702
21760
21446
27244
46585
41217
83000
39731
44207
60611
67049
39543
60931
7980
45977
66962
68363
8067
39545
72649
62282
68272
7874
50559
73109
15631
15517
78478
7521
43113
58072
53434
68500
52347
77450
72884
64789
18989
48405
3417
16197
65189
64632
31475
15131
84288
55443
66722
49752
46815
37237
70237
70990
35488
24532
7328
2782
1961
77012
31772
42337
7764
50021
84862
35782
7401
47661
48219
54538
76259
66822
63336
49496
56374
58328
20643
19058
38262
45613
76457
17337
55408
83403
60703
68889
50909
79056
16404
77869
61396
81227
10246
11530
49115
55484
5737
2979
83599
55293
56770
10358
51519
57730
46715
59841
48297
4697
82358
34213
59265
21817
83068
82531
51860
63617
22527
78295
48984
55651
59160
57921
50070
71767
83719
62304
4561
73735
66216
48198
46705
11725
80460
55875
75001
49672
59143
86078
65661
52553
53447
23710
76850
32870
49917
79270
47179
11975
38490
15554
43562
13769
22537
41738
65355
49205
10474
71224
36701
39147
52034
43551
53187
73771
79956
54427
32577
46057
57731
51247
46624
17817
64220
85876
15445
50953
79776
11356
6116
39489
79553
83294
50183
6801
70441
71645
69707
42018
10473
3881
66159
82510
45446
70995
75955
44416
48068
55332
53210
48366
12664
81288
53572
709
31760
54658
71451
71734
73346
40526
68689
55137
6661
81224
13647
13114
25976
15648
54436
49756
58912
59417
12423
57489
67034
78788
82370
5415
62896
13895
34350
70668
13349
58254
24438
30418
57266
10179
51149
82038
62362
47959
14437
84116
42913
42328
81743
56503
84826
62748
9802
42807
53877
57948
86195
54512
57009
81609
42539
67951
63459
67753
82765
17011
37412
70323
15
41281
39774
54545
61415
83476
85323
79699
40027
4031
4436
28134
43253
25976
47772
20447
76927
63974
61281
61768
56127
58152
50640
62763
72247
29858
53134
73744
46628
83785
57659
41063
2206
40920
63706
31795
45018
63004
6930
58488
36764
59135
75382
62715
76061
71543
11306
63445
45699
30308
57800
85754
27335
7116
63080
47565
59513
46811
86150
46773
8467
59390
13639
59842
55520
27736
72383
77869
82707
62618
13018
79263
56681
83181
57495
42949
80980
62776
83952
40028
24020
72854
14693
73475
29793
34318
53542
28971
7868
14080
59289
64254
12924
47202
54576
80328
43354
11721
18863
11462
50853
7628
59141
48648
84905
2377
79655
48534
24194
17174
82472
63539
1997
61395
56191
57637
48541
60415
68730
47979
67645
1549
33788
49889
53049
43245
49647
28707
51109
18989
61021
85538
60196
77971
68143
45186
61749
60760
48635
7821
69572
45749
11964
83362
37308
22646
1468
62042
84952
57389
58804
57850
65233
5603
73359
190
66178
64228
86345
86311
76963
12709
62859
35613
58555
16687
42141
52444
69432
50527
44335
65477
963
41404
85507
62955
69102
58485
51462
75668
50124
1502
15105
55058
7214
67183
62140
71788
29810
2694
54107
53414
44137
38443
31573
65380
55087
16731
5484
2021
50276
13239
45938
82340
79658
69223
52482
68142
72528
13290
73994
79645
76011
17820
12068
78388
36259
60778
69087
67219
79704
85063
70827
47375
8096
74690
77836
55640
42602
76262
69833
79098
65930
12451
78423
85182
21183
18829
85055
72886
44426
83165
65581
35208
56012
18198
60279
53595
80645
50277
74162
54036
58393
64882
44209
79978
79139
55016
20636
58942
83439
60366
55819
37683
57751
81412
12507
17165
11670
9472
49925
64016
63358
68845
6482
5809
30760
56476
80609
3074
80022
52229
4886
5256
5343
6740
38963
58396
61491
68742
59569
3456
70929
69673
82653
83406
77377
30585
59557
52567
49032
60962
77796
83928
11463
61338
36291
17737
43745
55484
54533
67534
19181
83271
39869
6733
10896
5803
54895
49696
11035
4200
64934
53294
77481
46531
31782
55041
71540
61121
62322
50141
56859
22373
33149
32596
46447
49171
38714
56859
57696
17496
57819
69358
17403
28366
4899
39845
76879
13371
46926
79032
30993
73506
61253
73
83220
51642
44858
45554
55649
21015
73010
55204
40568
50945
85401
75686
1589
49278
86068
77180
17576
46101
28691
63116
80775
35481
50070
72224
67150
1069
83876
28336
67984
54301
68865
14578
37005
62045
72612
54763
41559
80224
65719
62644
32962
58434
42610
63336
5028
46304
7598
5987
58254
35836
61330
70923
7965
75876
49565
68256
15323
53373
63970
79204
49475
62158
47577
65098
52783
70219
39655
85551
5626
67100
73200
44758
32290
84603
32587
62840
55256
66124
54105
83319
21878
62646
44693
64069
63901
8708
61502
67990
47224
66123
64021
78368
63065
85643
73470
74087
80431
83052
83784
54282
54458
57315
65198
59352
69813
13427
53258
65439
85824
672
50538
71064
5308
59475
3644
18486
58152
27260
54545
52522
59009
84955
82765
39636
51591
1337
53285
292
47836
55610
75193
40352
32722
72699
49548
40220
5534
67551
84147
54041
45913
20364
43486
49837
52575
39321
66846
81778
70837
80533
40266
67298
38054
71482
71103
43542
46613
67598
6490
73436
46826
76909
54389
10731
83770
54069
14274
71417
21680
44506
45750
41897
80695
36243
58669
45002
1556
27443
53003
22556
77066
53143
41529
75172
51784
38043
58905
75851
57980
64253
52710
39614
78927
5932
934
50755
85628
66138
28158
41280
48071
22619
42769
56191
66364
78186
48095
65890
63913
72963
53266
69982
66437
58868
79472
83675
50013
79421
75169
11479
76368
24565
77430
3932
47936
56777
49471
65778
56881
60039
38500
35813
73058
82415
66747
45154
44483
55408
66149
61357
64915
46106
21036
51717
29999
42199
43900
76992
55719
35343
3426
55147
86036
51973
73581
85493
53472
48038
67632
78058
41249
65617
63424
16273
67168
68783
31948
59715
9166
80443
9514
46145
67339
62123
79081
29642
67826
53431
46316
74915
64260
59662
77558
15544
49606
70336
66193
81095
19936
74267
9119
60171
10673
43042
23168
64701
33553
68277
86088
49959
25665
39953
31017
70535
54782
69804
44243
53268
44718
30549
41852
78845
34726
20666
66753
8361
32447
67822
14784
47249
10091
14247
8670
50064
17892
51330
21794
55812
8863
54887
64721
60123
57837
84334
70034
42829
73016
10630
55954
47646
16481
80087
52058
71334
20449
52608
14758
58438
1562
57456
21101
9456
2797
55475
70775
12410
13166
77399
73922
82314
44705
53323
34438
69164
21207
20245
56897
18894
2439
59904
54789
67799
7707
64095
85362
30212
42408
63462
6561
8723
64385
46547
54880
22694
11680
39653
81123
61088
34
64772
12678
63189
13951
7221
56161
3715
85225
69858
2591
19622
63309
60180
18113
19242
26457
83202
62878
33940
86337
69412
70070
79275
53455
27887
22281
53512
27161
74404
5769
52436
46947
14845
75204
57278
7618
75489
52515
12643
55455
71695
64899
69296
63444
3961
10326
4323
52263
1422
55156
47031
44819
54422
54624
82202
57090
50554
77474
57908
23879
58278
81976
64021
52617
61835
51804
83385
11368
10679
70997
37458
2952
45216
18826
51048
58392
55557
54075
76047
46484
11598
61461
42483
60427
56368
25441
67866
54641
9213
13939
35314
48874
64154
77054
70607
78730
55196
52169
482
18876
55525
11747
73312
2104
38002
2353
57024
82071
63433
16209
26654
47670
20028
79569
75947
21623
67334
59956
73198
26928
44698
53687
45272
39751
78787
8504
59248
50666
76724
54536
63601
6557
39548
84533
34
20315
77784
58562
68409
78547
6566
52385
66302
47412
68452
73782
68024
12943
84523
40681
32647
85739
42413
70640
81685
34470
62986
69550
54853
18211
72036
79841
49252
1035
37898
68146
83911
3785
49260
42019
81163
69263
51802
26564
83255
86163
24778
56181
40022
76841
53045
44348
12237
65543
16591
80327
198
19633
41888
58320
58081
63358
29665
44785
78580
47994
78028
54336
62322
80747
41663
61908
63193
40704
50128
53816
33395
31171
78625
76479
62755
55440
75525
82496
84161
67772
52367
2224
72769
71587
18776
26716
64516
26359
45339
70469
63358
82913
61872
68833
9144
71969
20063
59135
56791
59586
18347
78175
64951
62738
8682
83042
50414
80030
20664
85905
71447
53958
57612
7662
84062
21287
70431
65824
46182
29029
62426
67444
58956
62399
57674
22917
57720
61995
66340
56652
75697
14317
19984
7830
56121
18045
22146
12588
68777
29913
83860
72612
10185
1154
84369
75769
1742
50460
5741
39723
62740
67385
83183
36364
66524
53812
17730
15851
74446
57316
34375
38341
7228
31708
55617
6110
51893
28734
56544
48139
16994
65938
56496
70234
48182
84506
53918
75113
66029
85369
33435
66873
32985
2512
23754
46557
42764
2024
42805
71521
80269
33486
80068
61770
82223
53462
44568
15813
41988
42343
72614
82043
7907
48744
53937
63865
55575
73714
35851
62693
57018
12781
50403
30544
53965
63454
73556
81726
43212
60228
49543
69500
26956
78116
70001
7613
53647
11059
65778
68510
75550
57729
5959
46475
59609
81588
60448
63244
45346
39679
21974
24713
61302
67373
31870
216
85604
75555
82771
78277
39177
904
84952
62713
7135
83750
85023
67645
72570
65799
74402
21764
80894
74222
21765
78147
71542
71234
83694
50104
49522
80044
73685
30660
55595
18492
17351
73661
40380
9670
58778
45174
42222
58927
6528
57131
908
3098
73759
66421
62573
28636
74852
66357
64525
64035
38279
36980
56400
68930
78582
9946
69058
22028
71638
14700
67459
77331
2131
888
72287
56674
76849
7948
74757
61949
82600
69406
860
34134
58988
74876
49349
56105
44338
50682
7487
57522
46623
66071
36970
46601
54766
6313
48042
46972
30318
68833
19055
71414
59984
54149
64944
73660
68559
35515
58383
46430
54119
79488
68173
8205
57545
59927
3160
72130
42565
66684
72183
50507
86234
58068
42320
49135
36999
20836
57252
51264
84184
36922
7426
33142
73843
72681
18128
68035
38614
73687
70736
53652
63539
57361
49546
68643
36172
65448
55788
37700
35192
85291
61447
53789
75924
29866
58429
1268
65208
23679
40056
82569
81183
82443
5865
1063
68594
83392
61783
18976
75599
68603
73056
65405
79173
73519
24382
55717
44227
43935
53939
14443
61782
47999
47227
58038
7755
24343
76028
44751
50531
70148
18017
73109
45853
61103
24716
3801
67851
76774
74970
3470
78712
21955
82065
54314
48912
67975
79494
44728
15639
38541
67212
3863
83689
18261
12435
4863
9871
47773
39444
33469
50359
20195
24610
43950
45054
79856
82613
80515
64183
68281
57482
8663
68079
51877
64134
70497
18078
25206
10919
55550
65325
81897
45004
52899
85140
5618
65051
54375
61243
84238
50120
74328
83184
40502
17207
79411
77610
67278
51299
64213
64193
71512
37531
73341
86200
61976
72458
65661
58444
13060
45233
77512
7750
59920
59992
60395
44695
63636
38112
31173
11167
73258
81312
64686
45822
83850
56127
71982
60076
7318
20671
50071
65067
55083
69647
44014
6937
53215
5933
81485
54775
40347
50449
63979
38806
59507
52384
50561
44943
62541
48137
62054
28787
61944
50198
14530
65590
60448
4556
62849
36632
58700
53659
52411
35270
17285
55573
38737
19119
73026
23819
62430
65782
58354
4772
52795
56168
30359
15447
1179
60044
71473
14791
71019
77864
43754
59513
82044
52863
49303
10730
84269
84921
69602
12752
78279
39558
50351
9254
47482
2505
55596
16037
69823
85126
71463
3974
45924
74944
65957
13987
15416
78488
37646
63734
17596
83771
71995
45590
56810
47395
6763
13146
80557
75539
68634
53818
64136
64011
67942
2540
60160
16353
66651
70012
63948
57259
54615
55928
32937
78220
57483
8284
74345
72576
49891
3777
34808
73154
58120
45406
86343
48860
71070
11529
63873
4758
35756
82816
57360
18137
53780
67522
82150
46543
73533
10230
73350
42137
42389
14982
30213
10728
5215
3151
3438
48562
77271
60078
52482
64263
7021
82487
33911
16012
24897
52438
11193
36622
7656
78317
23242
67261
10261
62760
3490
76788
51201
14106
60777
28837
52600
5999
51560
147
44650
27361
52907
30564
66056
2837
28179
83572
10731
28268
54832
19965
51803
69185
46578
3978
47022
62144
16863
70549
66401
82698
61540
58638
19781
68387
43041
45564
64523
40316
53480
58299
2834
37229
55060
13961
48650
24064
41502
43010
41705
7319
8911
66625
62888
64981
78307
57478
57981
65558
31470
14424
85612
75734
45670
12019
77581
71558
78461
78505
49927
26654
71847
55038
70759
57829
42954
62009
76626
58998
56093
39409
5718
60986
61636
16345
63874
59432
46738
67056
66631
77503
21777
81385
79521
56814
70782
14164
53339
15976
51323
13876
5010
65496
42125
84321
52394
40446
76716
46693
43718
66161
44632
55229
65311
46746
79601
51509
53111
1618
62433
74129
65215
32275
83026
47861
1017
45506
61827
18108
54286
57284
72703
49300
45307
75277
63719
7844
64312
65656
44387
67358
31152
7483
70176
81673
16781
29510
3132
1831
49600
29593
6776
39330
64040
16501
40568
58665
47361
65857
78417
67805
8040
86022
44876
83290
20648
15064
56796
44873
47555
73126
31653
14990
9761
75782
48577
78032
9648
44039
66143
56223
57476
62527
56087
49631
64816
55411
64648
52964
8119
55204
24816
71617
52778
78143
70002
43956
50121
1652
71679
85471
2899
50386
14290
83855
861
73197
55641
11883
76909
44395
69041
79427
49219
1953
7227
62179
61847
65751
68377
81659
62790
22809
83284
68602
55183
8403
76423
55021
2668
19148
85916
45213
82115
7096
13325
34876
85347
51779
49809
84249
81341
81375
77925
79221
53995
85601
30687
76221
69985
84650
43584
47956
61065
3354
37653
77086
61260
71905
52291
49483
81164
17885
77346
62117
54671
41032
74932
4565
78695
75873
44028
687
42548
44344
48039
7817
20305
2311
60219
77810
78822
48724
24626
27577
52962
64956
41202
5066
6016
49189
75119
62135
36144
33420
64650
1772
47898
10942
58204
52913
31411
46914
30367
3236
69660
51455
50819
6128
9730
37878
48299
76666
54165
64890
43310
42708
61537
17972
44852
61630
47899
74532
61047
71841
3659
50639
59479
40345
48287
57155
2285
62104
47006
72289
51003
42903
32799
76700
79461
73592
83151
11314
52199
4155
45452
51021
20256
82342
42448
4838
64949
86248
60475
41181
51002
72381
48255
29518
370
49197
67265
9412
39347
8301
84376
56254
16220
47648
7664
15203
84152
59389
5812
5904
48658
28014
51536
63502
33941
68984
42214
53756
69381
61800
75438
58830
41810
82189
64356
43699
77110
32837
46681
51952
83614
56596
59714
64751
18702
11665
86364
83470
57910
84071
30274
52753
60849
50986
15052
7489
19061
59357
38356
81859
69407
64243
18759
58365
70768
50374
55634
64014
81832
42002
33926
5813
93
12083
2291
75695
29058
36697
73283
43076
42074
61951
44952
42087
57573
68127
34572
54544
74545
70322
73960
11754
46562
35414
6305
49372
30471
67373
78948
63709
3588
63190
54638
73093
72066
22953
19372
4747
44893
36769
62594
11432
41285
4325
44042
18760
73960
4652
46904
48299
10133
7037
26591
39856
43988
82886
49384
45079
62640
17012
37272
50603
37378
57527
76586
18950
10038
53073
25899
44233
6238
70260
65894
55732
12465
20279
67127
32482
10875
69026
51718
58449
66550
74223
60196
62372
66348
43373
64201
67336
9051
54004
8603
26885
75536
23108
59290
78927
44988
85582
34298
54621
59585
70349
5615
8443
19660
69443
38183
65027
2374
70875
65737
53202
9059
1337
57210
18133
1418
69507
72207
24804
31223
71835
20093
8776
49561
24943
1845
59284
50375
85169
84621
46825
42003
47085
64913
22400
40902
48177
77947
71077
63078
70033
42254
37273
31749
5576
74375
66288
10986
44880
25448
52177
49110
14588
65630
73576
22022
18275
50952
72826
78554
54256
14147
16113
51969
64623
60651
74186
81448
52002
64378
66306
71701
50799
59457
671
12858
6323
57037
48869
85216
78817
30995
3935
42471
50691
41997
19543
50008
12266
6568
46975
52506
46687
73675
71803
64624
61666
14472
44102
1615
14883
37026
47192
68382
58986
74700
77646
56189
13493
50905
55631
55067
74198
1800
58534
10598
65006
69405
54454
11488
83532
65475
67831
7347
35814
58959
3069
43715
47189
48273
63069
48413
50568
48460
5546
6020
33015
9233
73013
45691
68825
51781
65768
33763
75587
60383
15060
68431
4964
41653
72078
46990
52312
1208
49268
50748
7859
48273
55688
66838
2477
64931
47236
57984
49093
77503
55507
68189
50380
59795
65094
59613
50956
56312
23449
56343
14597
81673
79122
62841
34672
52775
7045
47116
3445
44690
19145
57229
69639
57959
3657
4391
69755
61547
9927
10827
44874
80529
63727
48408
45691
6520
65187
35611
72143
58785
63264
58643
58737
53281
48875
44664
1901
68783
62704
44039
60420
46752
49407
86303
66166
85796
51391
46955
82178
62136
22736
11487
72414
13279
1317
65078
52740
82404
66887
58830
58354
59259
61643
675
21888
46686
16242
7301
76363
68374
29463
52680
76262
11871
43680
7975
77031
55003
58756
76469
34978
20133
18023
37228
78235
1614
47785
15083
67012
3084
76982
74189
56407
7503
77254
60733
2911
53180
46325
69781
76683
47518
71711
23989
51268
37394
82824
51291
54059
35502
1382
81592
56709
64239
66607
70901
80067
69379
41863
64575
40704
2370
78708
78126
74260
68891
64143
78549
50364
59252
53815
58345
84571
69741
46862
48193
8278
55871
77541
49297
9991
55459
24838
62361
64053
38966
68798
2696
15113
59330
58400
6599
53138
57925
49898
72537
60114
47758
558
55645
1106
45013
36665
56262
81874
69025
62708
44063
54436
43641
65768
71505
25288
47553
1324
4472
59982
64236
51650
40016
45327
9464
52371
37429
65156
67639
75481
73324
51797
42483
50085
51804
58558
56491
49861
41734
71617
41934
54567
48417
78092
46851
59448
14904
79630
83758
47513
60212
76985
73915
50360
50107
11467
79135
54316
8969
83701
67954
40565
69634
56373
6585
58065
75366
49809
80133
1124
83128
64993
8904
26520
52136
45956
85033
70365
47930
48615
85266
12035
45392
53405
59613
30755
51494
5390
69918
75468
70154
49657
41483
85639
12841
61185
27537
85290
58484
31393
74922
27514
57518
58269
39168
37093
69871
64475
681
38094
1217
23068
49291
60261
50394
70075
45625
57113
19313
40881
59529
73581
68598
3131
81606
41453
16578
65802
69862
57891
59171
45765
63374
72351
66013
67237
62499
59108
79091
83926
79897
75993
1755
66519
40519
52557
6331
45678
52168
47101
43676
61051
42869
42212
48587
53941
83943
64380
66630
74314
61027
72819
8391
46011
44916
60217
74822
40806
83662
4314
70247
27018
69443
46978
11782
2999
78406
65272
76881
45381
68361
12741
43512
74954
6323
26653
35369
79099
67185
3842
19732
32301
37405
74139
75851
12026
85787
80478
77963
57258
55466
18296
76785
78775
69029
54353
60743
84527
53170
32760
30958
73533
48416
42512
47755
23237
74078
49344
8053
45499
58795
18041
41203
72904
11071
57235
53307
52272
19333
71814
60660
23986
72062
27445
45942
3425
56960
1708
78562
83891
45752
83871
84821
68863
16229
83581
20700
81854
42574
72214
60961
48682
85137
81400
83933
58172
74999
80040
44581
38673
34904
55536
49655
1648
12586
77472
44985
58186
51964
47106
64894
68002
69524
46121
2061
70266
51938
71856
17880
58905
17532
57176
894
77251
54323
59899
67791
48327
76117
52467
20390
15099
14036
51399
7818
60077
85291
77664
12325
36958
83568
57389
19951
52366
6101
56781
67615
56952
32556
57588
56009
51749
57723
85027
36301
70888
45693
78525
65390
70151
75832
4585
837
83200
8220
61819
66939
48966
56137
5247
64445
29127
41494
51066
12406
58296
46809
61512
15352
26040
63683
70360
67887
85013
843
60034
46442
64543
47596
45457
28501
76713
70813
40417
79132
64214
57231
41807
6732
46502
41563
5343
57798
1148
57543
81953
3269
73437
45926
40803
61405
50460
57004
61077
75036
55129
64391
82284
45785
60873
34368
15456
39128
64698
17336
4292
29805
42003
16115
47515
69902
52980
55415
19323
67700
61117
46630
72189
51204
14686
56162
80546
76990
72781
61951
60536
65058
14267
72842
15436
56389
7587
50678
17730
8244
12239
46417
66518
74788
13079
46964
8767
21143
2163
33222
60492
6355
19676
67046
50792
76806
71142
63639
13820
6670
44297
13197
52417
82244
79571
46562
1376
70968
71508
74380
43438
35113
79736
11279
52003
46804
51146
55608
20071
55723
49775
14461
50539
28880
59048
26443
26222
42291
2320
71687
58303
55120
77776
83562
18305
5552
84875
24641
45829
10498
37133
46473
75347
61621
46098
61429
49903
79774
83054
41635
45581
37728
65995
49308
6520
66869
48935
63911
50289
19261
58074
69035
17139
42142
38508
32057
62963
65918
45660
15196
35674
1612
84275
59261
58741
4648
67095
86355
55225
35599
2872
60123
15349
35870
79739
14450
59933
83939
45829
77200
54820
75333
60303
28155
57663
2279
47288
70216
64232
45387
57111
62905
73697
30084
80593
81642
77478
81729
48404
75288
78429
52858
37330
54857
85611
74454
57289
31420
58
55119
60135
55127
39092
64939
57337
60758
1720
21821
36378
57798
20693
71302
290
72103
2232
42530
68370
52762
6165
50092
63039
48189
67311
43042
54297
80721
68137
62061
49642
52149
48874
34216
4017
83541
44129
42718
57736
54932
7535
56438
36734
39611
65840
54674
42634
57938
10463
72914
19283
83096
78366
49594
56534
75285
43090
22879
360
9075
5535
10430
58106
57776
57540
37218
49530
78738
72231
61044
74908
57547
395
60427
67661
49808
77814
37908
43298
8980
79077
11955
68837
73350
2733
61164
1838
1494
1208
70300
70009
49531
6098
82236
73906
79710
28821
83084
73270
43461
48686
15812
7430
24190
22554
52517
8273
49133
67
61767
82384
76830
60287
55630
71697
7269
85343
51949
23059
4716
4487
50065
53108
58027
56677
81811
57405
83472
67803
1140
85619
52151
44258
57121
63784
37758
10394
1510
55172
63068
48490
71213
8820
83919
4
69683
12864
38430
57575
36085
42625
32185
73592
8979
59337
3683
28183
66619
68567
17978
40076
39599
80213
41935
73435
47864
51024
2401
64615
5451
84120
70249
70528
22191
43499
68230
76522
7945
20460
52663
62848
65107
33751
69830
50320
62530
65893
52020
38287
61666
35632
8150
78460
50414
77199
52834
83449
75681
85263
10643
79291
1007
24069
85435
46201
59027
53170
39656
61215
49025
15109
60796
16436
996
4670
10509
80079
17254
70590
13696
48485
50455
31800
43221
55723
70619
61220
52832
46361
48017
72253
78432
33475
52909
66607
63822
71399
55240
78531
79058
72470
62846
60959
8715
84975
1359
53011
24881
62489
59354
74989
58902
21285
55101
65505
85323
56774
45346
72158
43758
6843
43031
19954
51312
47198
35924
85422
80932
62807
63434
33746
60463
14065
50514
64562
49114
2273
58569
79725
55114
73876
12290
64473
60943
81728
63138
74214
58836
58442
49245
52828
11517
10650
9430
57949
43262
34940
43715
77947
40324
55703
53892
66971
3905
15799
62012
46082
8984
59170
59385
60670
1393
65304
70520
19299
44048
28623
83679
4004
39049
59055
10042
83490
64849
50414
14180
19115
1597
9083
54966
49655
60274
57813
38987
48477
75078
48271
6726
72455
6455
37495
5497
63611
44115
51096
10114
48249
29560
85292
71867
45742
68524
64019
21028
49095
41482
8194
40978
56398
84193
59996
29121
22586
10513
3536
47674
4488
62549
56377
53677
43247
39511
31203
48867
43380
65621
6279
1311
75137
48236
65060
64066
63513
52735
78599
59464
65966
33759
36850
75271
50560
72653
70068
82090
66622
54345
27439
62572
49463
66236
44510
53015
54669
78746
28318
11692
83088
61751
60801
61566
10881
60868
18818
57249
26599
81992
50934
24342
71474
84387
68214
61781
64671
50877
4875
12884
38933
63719
49233
234
57899
75994
81215
14294
14416
4
11299
40907
82031
79832
61697
12242
76924
6771
3124
60544
5636
57624
39052
55481
74287
50964
25824
74421
70472
9519
51992
39493
60096
55961
14955
56778
45234
80334
80496
72354
13799
73927
47742
52608
35294
26860
71263
48346
56873
55608
64019
5356
50134
63341
68133
72183
1196
57039
74504
44277
50857
11796
69674
27675
47763
41212
6474
5852
78158
8407
64934
19782
60385
5963
3558
11725
74434
65441
42421
56706
61526
68021
49924
36808
5611
16366
79799
84052
64642
60989
46500
8513
53884
73621
18851
53703
7151
71677
15709
68991
84168
3443
73126
68995
59873
70947
28239
50966
48782
70489
45028
39535
19223
66743
76763
69487
74545
59497
9839
68876
46963
20796
4121
49044
43666
51625
53059
68160
63842
78771
20281
55031
73080
43063
63870
42956
616
85973
27565
78855
70558
57559
44736
55319
37908
19439
67391
5313
48476
73078
52988
78299
63008
14947
83044
79796
31162
75083
62278
52119
78772
51932
61754
84042
29002
19276
62021
34320
20496
71685
27085
72817
64177
72844
49092
11146
47766
72117
28130
60099
49380
67744
71653
51509
73499
45665
81509
50739
57389
36659
2803
36201
28974
48454
84047
47422
49444
47623
5026
80676
38015
537
66255
31867
47298
62847
43676
58831
69937
80771
70008
47735
17739
46221
84320
80103
47929
11120
55618
75000
75314
73187
1323
56895
44842
51885
22658
2970
3696
30197
81826
77199
18512
70134
16247
62983
58697
22065
58278
51172
82205
68239
74444
16950
39111
63164
1808
59591
67073
53401
34911
63283
66871
44178
3187
4481
44499
47549
35839
56745
72198
84759
45058
18000
7812
41864
3384
69559
22040
32663
67523
20567
51533
62904
43475
27869
56092
84064
53363
7766
27081
82301
10001
2232
10626
55360
40385
5444
83001
86077
58744
40656
59085
59352
47771
68412
81945
45379
56302
50200
41243
48872
39971
43983
32911
4998
49070
53909
65156
38462
58054
19858
15824
70764
46467
1319
67987
77942
55196
16174
57996
63458
8780
56431
73284
60549
7758
74422
10075
79607
73669
77532
25871
48296
8713
65072
3221
64898
77394
35967
22322
42729
3299
64062
54946
54998
15494
61288
63327
24605
49220
31208
43992
81941
5271
12047
62915
45168
47603
29014
58913
794
17157
83781
78808
73996
38035
42866
80106
3660
76049
58464
66634
56065
54092
46004
41060
79914
62752
75051
21533
85976
47578
15672
25111
9241
68594
63104
35307
58223
7899
61267
43910
41703
68733
54649
2336
67800
44758
79988
41713
34214
49748
64006
79688
63103
77681
52824
5485
20896
63339
64180
39449
44406
68240
65054
55424
16703
16115
68872
43324
70335
59382
65849
59699
2798
5610
48977
42791
57102
39253
55158
70798
85877
34179
83694
52236
80926
13569
70991
60114
62383
48456
53268
51270
65997
61905
64549
74022
80772
69713
69486
53100
81419
11784
18157
41731
21161
4615
76291
85044
9805
11752
55132
40324
64032
41952
12366
70274
38748
85164
71477
48477
68562
3677
75861
63803
73405
46190
75745
78432
65321
979
14997
68892
57884
51493
75736
4514
36397
64014
69724
43025
53398
34090
58693
1982
56307
65636
71107
71946
3951
54568
43595
42317
61988
63979
16877
60670
40855
64375
52732
79456
24149
51305
36557
7273
2376
5302
14820
66978
60458
81995
52577
61139
63769
4190
7585
46507
75343
16951
54539
75850
67379
47286
31234
41077
4598
70761
47129
6745
70509
38755
7595
40997
47697
6970
69710
57386
23957
74991
4220
65496
76387
49412
43739
75737
18447
67035
46092
61084
42764
11491
71822
15740
67320
76568
69462
2258
68304
70498
4952
35370
58267
49404
49365
35901
59077
38083
62954
52891
54186
74391
53839
17778
80780
26956
49377
1114
38882
9419
44581
22641
51902
57242
27005
55910
48121
57662
63196
52766
81889
32893
15480
62287
50592
68655
66704
49187
38870
34871
2130
10765
75463
51859
56776
54607
9581
64215
53762
80807
18348
75547
59157
67343
79653
75078
22243
49882
49703
16787
72644
67282
62919
77768
79074
68398
67105
77427
4238
8012
74347
23241
17652
7672
61441
59546
76975
66363
59222
48713
37313
46136
70238
61437
16422
72317
44499
43915
37561
5111
9490
43713
82051
71139
4081
40332
86218
52173
11666
1071
36807
40894
85889
75756
67976
50300
8865
49609
48562
30530
68771
51796
50268
73696
65594
56733
60001
542
65611
82167
68046
39155
8512
5477
59485
38801
70822
72958
69606
59791
46865
9590
1749
8835
45853
77746
64202
17480
14305
76570
45901
44573
86167
27927
55938
75105
72033
53539
72327
79369
48379
59486
44374
32031
44407
81812
70401
27650
68467
1510
12144
70024
72452
66007
47233
51681
79331
62292
59452
55258
46331
59507
74056
76587
51612
1633
72470
3382
53042
9027
81451
4699
13048
47615
58462
44840
53609
40904
78575
58804
76441
68284
85403
56341
69948
69042
45563
70021
56457
43708
48914
64212
50047
59529
27697
35610
74990
63115
60132
6260
58677
64296
72223
47000
15502
7507
58818
41006
18049
52612
17455
24326
44195
54256
65343
45651
75866
23555
55179
79953
50754
16344
10943
4151
55575
75768
79355
66814
38887
23242
48184
49359
64069
51717
78353
79306
65888
13615
4765
48885
1275
57861
65375
63756
74660
43494
38427
64359
53658
73062
55123
51487
12433
68561
34125
53380
25213
3677
53072
60808
12877
50966
54155
20585
33270
65874
30131
1106
51661
12873
61066
55782
18463
38192
74769
22677
3319
44729
44216
40168
68745
58161
84822
66058
69995
23920
8428
59563
51617
45745
14927
53225
55498
71145
20352
72716
49140
43258
50348
9398
57994
78832
68944
30181
15503
58308
5465
64756
11198
25338
63872
55587
12329
51757
25772
76521
25179
66926
68963
83623
54312
30061
53776
44334
6726
6522
60096
35982
85596
78886
73069
3370
66653
19821
53894
84468
36762
60316
9090
85016
4748
65159
69565
58849
65331
44287
24343
41752
12607
52572
78633
15189
70199
71232
36043
68943
67691
65550
49106
68699
35713
43520
4438
53663
15588
8106
86365
53433
61255
39912
50526
45793
65809
3110
45010
28417
69200
14764
21621
64655
57340
45237
74036
62216
50182
47757
43728
51671
7194
69792
44945
54886
50703
61008
1391
33112
58974
28593
38712
63103
59629
51554
61357
72693
73298
67142
17761
43924
83729
51536
35168
50052
73825
69395
69619
52701
24450
76956
42312
8335
49745
56877
47680
39692
83945
53813
56925
10121
12896
61868
62878
8605
67509
42518
79593
72427
50726
70686
46312
61363
7628
63409
13193
20849
22145
33164
62026
53886
65533
39903
11049
41167
76708
84474
62982
24621
52309
54712
83240
616
51843
6099
3807
52614
70914
31205
52018
5399
70563
66
73539
50332
40878
45706
50711
45635
55970
56054
1634
54972
10687
45063
25489
69000
47183
14799
24618
2346
24187
31458
71828
58111
2740
27427
47232
69229
23236
54331
32418
54468
15346
46846
4342
70254
64325
50421
46860
61301
42662
13839
54131
64138
69096
55117
39877
47482
74220
58847
54793
9206
47842
76079
70661
43467
58292
34142
57793
48669
84953
41958
54050
83626
18474
16017
45428
82987
77118
51605
74611
72658
85272
69472
54312
57529
66175
29446
60854
66385
74016
21272
54684
80945
54404
68269
26758
57849
19644
42679
65600
5582
18471
42636
56006
81192
43928
63097
40291
18763
64543
43967
48649
31121
51701
49255
65722
67917
63738
64795
82239
42335
43530
50815
36348
45260
68159
57897
79946
1104
74111
79566
4933
58557
44657
4439
61480
37947
47093
52445
54488
63534
60858
18059
57653
74949
50898
14369
82596
53730
65483
46176
1478
57604
70352
66682
31077
10304
69713
27195
15521
84934
57127
56139
60817
83266
26953
10914
47054
76730
50455
75118
53527
78111
79395
85205
68662
5280
55766
84377
54886
40862
14195
68294
59341
53688
51702
57422
69347
77129
63944
47803
37092
64603
55324
14514
59321
61675
46958
23425
79970
80535
80234
84344
63584
46171
70650
44259
56775
66307
40248
7600
11161
63064
49801
66976
48507
50671
12562
85786
47044
2172
44516
24457
13515
40650
8613
30997
67561
41763
75424
64208
48545
65290
49161
19625
76121
82346
11289
70935
80575
57828
68489
78933
61326
55464
62839
20576
53086
27613
70365
26621
48779
58901
60538
4397
69365
79187
57602
48798
3732
63491
79011
77904
13079
77601
4250
63534
73004
67586
62212
783
85891
46016
59797
46933
852
61823
44906
60029
21183
56384
71144
69462
70775
65424
82075
54034
26540
57554
49438
48573
64602
71894
45728
61526
60604
63549
12762
85310
41953
64201
25595
59132
49731
58684
60742
7770
56523
41632
64852
76930
4856
55823
36333
21168
53402
33434
6082
35604
51759
48851
58668
51696
60321
13281
54373
11166
4685
63379
42766
5199
32776
62936
55501
1657
5315
22437
54007
26197
42214
54190
19154
10447
85160
8867
54499
12302
72491
74792
41729
76078
62552
49233
12684
39628
80926
47147
71118
49060
4071
82031
83574
38003
67884
82409
56224
50846
57875
57391
5742
61045
46814
50395
43410
80944
50075
47058
39449
48701
83657
52357
68010
47989
44175
63985
49550
13542
13354
81378
62536
67689
63763
54023
81283
10419
41673
80220
53177
77031
4139
46295
50246
55048
83729
82693
44819
52797
66186
81821
48751
45812
31984
55628
9481
67727
51409
18561
56550
54375
16889
49144
54153
70018
42528
57553
54054
79158
19037
53131
44925
11535
48020
651
47362
60050
12067
6954
4289
7629
70009
74476
43017
20763
41565
2546
79013
69607
42454
66300
17332
9082
74691
61544
66907
18849
59825
10735
77354
49104
50728
38833
39484
1370
8567
57499
14469
3111
59901
6321
55419
12478
48258
2689
51308
75356
83627
31150
52336
47306
68592
39460
54031
47560
15114
59991
65729
38727
61574
52064
51882
1253
3956
52240
44170
10584
53635
64174
63365
56303
16174
12702
49891
83339
58215
46104
50728
105
85063
38474
19017
56214
67951
17723
70235
17056
15376
14564
3509
77697
85683
62268
43094
69137
36304
41584
74938
1003
60780
64053
4985
9855
76122
24728
73248
8495
4447
70183
67723
68019
18434
71906
82837
70696
65054
42850
67091
65854
13895
71057
3823
62561
51214
10525
75302
67955
61523
56460
2594
7064
64419
13628
56351
48673
63818
34986
65275
51682
35622
54241
48169
2095
44411
13774
58418
68289
347
52019
6990
55004
14295
32052
57574
53290
18193
82378
58206
86255
65938
14226
10712
51258
1750
8124
56028
74483
82558
77415
43479
58127
67786
30764
25401
67525
81663
65998
65172
60354
48565
23220
58644
65929
48922
5609
45378
68337
3570
63977
80349
50349
31544
22583
35340
3059
79493
60540
72657
83724
65706
74086
49641
86328
68757
47898
21440
52788
59759
72163
7133
37693
83687
63197
78232
75953
63620
21211
17983
15902
54126
44971
58089
38824
20595
1879
64877
80319
74861
59445
73834
75109
56328
61954
67172
41858
66538
69305
85423
42801
49764
83692
43483
65788
83088
33553
59399
7909
32032
71825
34549
81789
2600
85813
63046
52311
55054
35739
9855
65049
9071
64188
77445
64028
54896
72297
71352
6340
59408
35457
77357
50238
68281
53999
37578
50177
34941
58977
73715
54849
31397
6399
11806
62910
53798
66875
46334
69999
34814
75502
39624
28583
60066
46736
50859
75434
72746
22747
70343
46430
59617
65167
54042
71770
80553
61726
77740
80451
50616
65376
51798
72783
55341
74854
14103
18754
56448
85247
23891
51434
64866
60672
45420
41658
13426
51248
6991
16207
354
49535
38873
42694
69532
24203
56155
47849
11924
72226
72761
37883
57203
12312
77986
63725
76089
68517
74402
61065
56202
70365
5149
53358
77380
15687
83884
75432
57993
18854
72111
65118
20331
32051
57653
59994
39354
41539
42282
49695
69988
22644
35168
16724
51400
46225
51983
75071
3158
62444
53676
73299
43306
10909
11355
34663
19783
17583
2913
65482
62072
85884
24456
62903
46154
7049
56678
15452
16610
57284
50932
54275
63541
49003
2725
20192
62396
23717
83395
5866
27572
48175
83549
7178
6060
51366
44819
77100
39615
4793
55032
14903
78850
16328
53942
8206
58417
57140
3750
58162
12080
63333
15272
67826
6502
35441
62574
76473
2599
32288
83758
51881
42063
56270
49235
43298
51707
373
49962
40553
9963
61425
45666
33535
16187
80636
42440
49798
9054
7793
17869
50031
57392
31375
77386
54313
41159
908
160
47134
48405
8526
69951
21487
66531
37327
74277
51935
17455
71626
68932
75719
73172
40674
81597
72115
56285
62143
63872
81434
74498
52776
55725
20049
24246
63093
41580
25748
77338
51573
66166
56186
76651
5064
49401
54850
70042
17998
51519
67951
5172
44045
5840
40667
66715
48322
58847
65800
70996
37270
70160
31849
81576
62423
53327
49675
38926
74931
54089
72574
63945
44992
50831
52388
30577
17129
57331
40348
44882
48172
76272
58375
14611
69368
62527
51404
8268
7730
59654
1554
8710
74564
43749
59824
30825
47540
52761
60723
10631
45428
72300
36885
14041
45251
49308
76023
82550
81665
70773
7815
72196
78226
19530
16768
73007
43872
63926
39423
50903
16838
52540
594
69933
46296
54910
45277
78030
64171
53309
76413
84813
59187
17820
75574
35319
3777
62568
37617
53652
60949
64143
71863
7465
63110
58348
31847
33779
41037
56326
73774
43524
40521
8634
50299
58039
77803
21450
12550
62102
65326
61485
59846
85426
18765
5131
71042
49701
54443
425
41348
54915
76105
56780
71980
691
80280
62736
81889
68228
67443
76044
29661
49746
60785
85391
62496
23018
71404
72640
3002
72852
4404
26866
37399
61679
39763
66730
78190
9132
77123
57246
79123
55896
57288
49913
2967
82029
86339
79797
78514
40491
68772
14889
19511
47531
48371
16669
54983
71840
84556
84889
47023
57246
49705
72702
50550
82851
63687
62495
48689
46345
83444
57876
60962
67414
65277
50882
35585
53472
56588
12755
79211
49733
42793
53042
45527
54909
76575
70602
30639
72883
36161
61827
63886
69185
45593
82604
85707
12345
83377
80983
71571
48344
42358
85603
36118
82467
51443
46352
80611
67118
69185
70747
47027
1736
57259
50571
75923
60680
67555
21141
50608
48131
64468
83344
77801
67419
52563
42253
332
64077
50061
46736
73782
50997
27469
42584
37507
63398
49653
81951
65801
71743
20443
65475
44836
39858
12792
61286
53221
75744
77578
36096
33537
36351
74758
65322
65209
68942
44342
73873
55938
17941
71897
40562
40633
32791
52360
40087
52644
56624
50602
40000
19563
27986
52744
84536
9721
2549
9079
2700
48333
54727
50624
14120
75596
65931
35184
22226
55637
55219
72036
4196
41178
29802
63111
60244
83064
35363
25575
49586
66596
10103
30130
68391
48195
81527
33420
33218
51892
54917
58174
69506
43727
31329
45445
80182
66938
62095
69574
78367
84279
49109
51303
46727
73239
75920
81063
70452
67639
65988
13388
433
75044
82063
52287
8371
23610
74546
66320
44405
47807
70760
26171
46988
25674
20951
83598
57820
80822
63163
73015
35134
82234
18076
54384
15953
21407
45087
83249
62099
55218
64235
65464
70480
10160
73442
19289
74084
78293
54105
36317
84905
47183
20625
55345
30299
34736
6730
12670
57763
67331
73966
44902
55888
59510
33958
10444
20523
82563
61697
71111
53899
21073
44146
1160
64859
8368
62669
52236
72249
61608
9055
60880
50354
44711
36039
14397
35942
929
50287
54149
43762
59234
43220
19767
65219
34856
69269
48974
68008
10379
65862
55632
76603
58373
43805
7685
41938
13507
43291
44090
79102
80934
50695
85729
74435
60228
25476
50928
38747
48131
14319
63881
5375
82092
11466
42727
55822
2656
52939
73127
55094
63244
75749
63587
68966
55189
75076
80552
60814
75914
78974
64620
71064
75684
5704
82012
63299
61695
53811
54437
70916
11108
16261
923
4418
53962
69868
67477
62905
11386
48682
16389
73266
2126
2030
58078
82928
54195
71557
70169
54238
60399
69610
6473
9828
43785
54113
76172
65201
68471
758
84161
82471
47770
79305
10266
2845
45617
20758
55940
3184
42933
46308
65070
34095
62530
48362
66512
56310
80013
5490
43937
84349
57065
56000
74996
28089
58842
81105
25138
34407
80072
14677
79020
7922
56785
70489
68508
6055
31140
61705
79938
55344
82928
86173
64639
13624
28545
72933
63903
83647
49578
73780
34769
4164
43893
63906
76777
79061
53030
58602
16081
507
44065
82466
29390
73901
79823
63921
64422
3963
36012
52008
79995
78206
47712
58176
40948
17307
63105
50835
14861
40460
6582
51721
3013
10260
59098
12813
72528
37390
45859
77390
52189
58643
51488
50117
16497
57351
67255
78365
11499
54176
75923
60808
55278
50232
49317
49761
56990
80407
85349
70978
10055
57439
1484
48680
41455
48069
71487
6457
63913
75298
55079
65348
76457
55105
50234
58072
6667
11310
29277
52389
23691
45242
55461
62225
64698
61185
14247
37822
62961
33193
62563
74333
30735
73003
48638
56250
59059
70003
74704
57121
59013
64164
4650
10031
5077
61903
76124
55924
57944
47123
45462
60655
46282
40599
19010
78294
6614
16678
50987
46839
13954
53116
44930
64941
63263
19311
61308
53970
47756
9072
38558
34265
63731
65169
13237
70501
46250
82683
62441
19960
47862
37905
63694
50673
59527
45641
35735
65880
55774
56401
8043
73078
62377
38185
71508
27081
16780
49180
8835
76828
67479
8053
41912
57759
46292
57730
77854
49491
41891
60222
30482
13208
45048
65561
63917
72039
48857
45470
16221
19297
78776
49784
52279
7627
53002
84681
76045
47113
73734
80518
58625
48173
36257
49453
71176
42292
84253
76914
69374
10421
20065
67126
81484
40992
66183
3932
36615
70492
27288
51619
60503
67743
38100
38339
72659
17821
85146
76128
81770
8639
36975
67715
41326
40973
4124
77005
58215
18800
28264
46202
55293
6849
82490
85084
73872
56190
50903
63713
82676
60713
54186
67996
43484
57350
66757
77418
56028
63289
47993
60895
60017
70571
70482
42850
76767
47789
48005
53108
41695
58377
42215
51718
48369
51426
47117
78190
26801
54829
56938
51993
5388
15488
57030
56402
68716
51400
61928
24648
67874
59254
7220
46213
66326
19612
61201
29660
56101
61593
50146
51655
38601
9738
58389
55383
41260
66440
75229
12523
34253
1710
49390
51732
81617
45803
56239
53294
36012
12187
32339
2864
69407
66705
54168
72681
19820
74138
71755
35175
84945
17385
51531
39322
42206
67265
40060
68377
84785
69280
51162
44406
72885
80884
34038
53301
40231
65795
61480
48418
7104
71225
76088
60012
55956
57426
3333
60403
58960
53480
57969
38122
20141
75994
65411
85002
73627
81902
49735
2702
12003
70506
49092
3108
10319
61443
64348
61695
79279
84486
12712
54544
50913
72781
44116
12878
61580
84060
19126
73120
21814
57280
83481
78634
85427
3551
86398
38846
14562
39079
1738
60438
72245
53513
51780
45934
649
54822
57229
77816
76135
5457
63020
53197
85843
62651
20438
36694
11838
24140
56836
78861
81738
49593
41819
59026
50690
86088
66403
61409
27759
61874
8892
6069
74376
42318
62231
59854
83332
48870
69864
71926
9550
70706
58842
51924
80526
53885
67768
74113
62662
35405
63502
82965
34994
70138
56202
47867
74012
72022
65634
72430
62575
75429
18473
34121
13431
86389
70868
81954
31464
71911
57438
28056
19099
75013
73104
61746
75737
70420
72574
60981
67519
48823
68880
84953
61638
52400
32207
19379
6453
797
86390
57630
49924
37118
83787
46978
58385
49051
58683
6366
77788
80391
2055
2397
46399
44423
47684
70729
34595
61299
66329
61697
67358
22423
27545
50387
58327
55702
35703
51830
60068
80483
15944
65200
75788
10125
57080
79295
77644
55206
76862
61974
54114
79435
77411
41
66595
58121
55206
46384
37643
28346
50921
60103
47813
63551
26932
55754
29866
72641
76615
488
54074
17335
86051
9194
61061
38844
49593
74240
2630
387
53596
56839
78972
39464
49881
77926
80132
82741
35113
27562
70224
54760
4875
23589
64773
84329
1251
82110
44550
8357
50823
72915
58376
77874
68169
62302
60061
57676
9106
54516
51222
20369
70555
68820
27938
68714
54156
66207
48934
11003
16113
9761
59141
74314
50641
53674
85868
63137
41273
53255
24584
41029
62421
48008
64826
5073
18931
55226
1302
55010
56444
51787
73042
64183
750
1912
51456
82372
59020
17275
56292
56233
9892
72153
76956
55745
52838
70532
1287
47199
71224
81542
56561
46117
84698
42556
54589
75946
18201
57849
59668
36656
73885
27693
2101
59718
47125
25269
61151
18690
15921
76674
49064
46599
50027
67806
60
74620
44409
74242
82330
65673
49566
38931
62146
38230
69824
85644
67048
60999
3385
69600
42051
42908
76
70277
51560
43830
33122
58776
60659
82830
60579
7262
60406
11176
35651
36171
81484
67980
8755
69927
47201
16263
84505
38936
74008
57482
74013
79785
49447
73441
1707
84066
71059
43086
64870
50732
4931
42148
1399
77314
54357
43317
2372
46492
62981
25966
18907
5515
84284
53427
78766
61674
56126
50583
80629
37224
46672
46180
53429
75869
27984
44744
24738
5269
76309
80079
24808
47497
46443
60905
38545
42572
3211
69625
50579
65188
7852
79149
54012
28486
36516
29998
18844
9681
45197
57858
64302
61718
72214
75401
80207
85518
64847
10352
45837
37410
48257
71344
49343
79940
62877
73842
49730
75988
45264
61624
63995
54785
50430
55165
72790
62224
53589
11877
16704
85412
34428
60275
66170
57284
55810
83983
25506
55476
86003
6378
52657
45719
6499
52940
47523
52773
64468
45954
75108
35783
60405
44413
7923
76142
85441
10424
81642
84714
80884
13210
14169
2047
68460
63120
82017
14823
39049
80457
50603
43482
62951
83312
62693
76922
34451
56761
29132
68102
68413
61943
41691
20921
62755
83943
59861
48321
78009
22501
50316
21565
58442
55845
4919
18720
42748
3805
25559
31069
26245
45441
3392
657
26617
8520
8501
20786
82450
74697
52846
79104
57447
49268
57343
7407
44636
81939
42156
40794
50854
66100
43829
11669
65823
57779
66989
57202
62694
62251
13704
67550
51016
22271
34971
42363
80658
54608
68729
73439
84584
13233
58493
57567
5013
44875
64149
76863
78687
41605
75422
78885
50822
68161
61220
13975
51789
59811
23443
51662
55239
2605
45651
45393
86051
35419
11181
85375
3911
19136
61690
64988
60316
56046
64337
81517
68929
17077
61719
68228
60321
83729
50293
14662
42852
44559
62273
68826
77641
37564
41257
24166
73046
46125
21388
74158
9221
50948
50083
64915
51580
70047
3570
72475
15527
2622
5273
66423
2514
69657
3440
40493
52217
34553
50732
6056
78038
45190
42180
49380
45504
83956
62852
51974
76280
55699
78752
49338
52490
8369
47571
76398
85525
77926
66797
51348
44992
25694
56939
48255
81130
73017
48947
49059
71990
47392
61353
16507
70654
76811
341
49090
69125
80924
71967
30842
65179
10742
16816
80235
7298
43424
45893
12828
51112
58398
43054
46910
76684
23856
69659
50350
27632
7890
4915
51027
74891
70649
64915
3216
65426
3185
68777
69150
78160
15383
76677
55875
14414
34049
71886
12840
49013
7636
74821
55871
4039
44999
68176
68062
31931
58557
71996
65975
54154
52712
33251
2444
67591
47300
42135
1439
82032
46728
57169
77172
64097
786
55257
60963
4674
65709
62767
82418
17783
81066
53408
46678
1876
58340
18151
50517
57486
54407
32377
62613
58128
63536
47383
43912
70251
4384
4330
3986
69540
854
65814
64807
29029
943
81562
65910
70664
73196
17468
6520
79198
64577
11326
58175
51192
13556
10377
77677
85954
37410
41193
86358
52357
24445
45424
49352
78259
25793
67610
47724
30936
9684
64507
75120
59655
54430
64477
61224
8873
65171
59340
8439
17898
61097
64975
52062
45472
18263
55984
39899
63604
46012
9637
65041
6630
38285
47795
65700
3867
20879
64918
68890
50767
61893
46189
57977
45222
11967
35787
71183
54851
9650
65571
82443
48841
34898
47290
293
79350
58927
58273
18048
61980
58298
35795
58678
51240
58979
18928
59055
55957
72376
82478
45872
47020
57127
64365
51496
84433
1398
58861
9301
56072
71430
55182
76034
3558
77503
54434
2851
65306
45188
40592
83491
30770
68657
54371
65637
51419
37198
35098
68248
33363
54691
9207
58370
24400
17227
297
25339
13937
32412
42976
29514
54826
42833
55668
53271
56387
84241
60078
117
49183
36162
45128
51906
74826
29051
18249
65237
62182
53899
2358
20186
74004
1183
75331
77882
66797
63470
56325
11571
9313
474
43362
55829
13495
62235
79585
55502
60217
82371
1505
54551
83358
8411
58669
72434
52118
53886
46371
77812
74468
289
5682
51714
44757
51762
65025
487
81488
11513
71300
42363
37505
45381
71764
11270
74478
52819
70403
42100
54297
49129
28662
39374
62206
62810
8950
5282
8118
54114
4115
25
69564
83112
62890
59277
49700
14313
69905
60504
59077
29450
68668
15493
46404
20221
55917
18847
5013
76345
84229
9305
58995
55288
57499
2402
53869
54455
29513
4284
5492
15308
45628
15316
15563
85068
4912
48516
60495
58506
58661
16796
84450
6539
39350
66405
65468
69021
84205
50024
17156
53556
47252
73265
51140
20713
72238
22122
56790
29330
9516
81641
40277
75521
51038
63083
59857
51243
53809
42194
57379
60532
58824
47661
50149
37728
13809
17437
31523
42372
79855
47229
48206
52444
25681
54819
5408
50896
56131
58848
62720
58944
46558
40049
79157
41313
54652
39516
57122
11870
16987
80437
64120
70440
736
48630
77638
5090
45471
84922
15663
67641
53195
64416
46791
63987
19016
48496
23158
69474
43179
1159
65145
9766
50861
58987
67861
56912
84953
59764
71886
78935
20001
14957
64502
67327
69926
64747
48351
62647
36727
55198
15650
54203
49852
73111
43929
11893
52768
85216
70927
9416
54786
44582
66596
65403
47703
58874
57121
63944
51807
32568
40864
50629
26895
18867
52138
284
49333
23940
21294
11642
17316
54416
59069
34344
47311
58953
49018
15318
53348
49549
22869
64019
633
64635
81283
54408
66110
41110
70295
84381
12385
55211
61599
67213
65731
71729
61614
158
69210
13027
85219
12775
59071
7624
41848
76365
43781
78529
61226
13942
4114
60828
23190
85314
10855
56140
5655
56548
73067
73591
21465
68412
76876
62644
79395
66721
2654
83801
85748
8060
67398
75944
69609
41442
41847
48075
13083
86178
62581
73233
55230
5049
74503
83889
71178
76935
61176
56244
39612
37966
54448
57445
4408
28260
14048
30190
49252
72251
41191
66372
65361
82073
72827
9498
71331
25263
86103
74107
35767
8927
4648
58735
5154
68632
66756
74015
86224
67944
45419
65913
67299
47161
4871
72116
57080
85808
51425
2872
48750
3113
13734
52014
2811
61951
42574
12634
76678
76023
57575
80510
81573
68466
59304
25768
22057
72707
79314
28267
51269
47785
30970
76223
52992
2904
53333
42619
45592
12366
4603
66202
45567
46295
85887
51504
59357
50900
4747
548
54092
57993
62339
70915
52152
73272
10066
58554
2154
75036
62022
53660
57780
15969
58020
57749
64724
55656
9455
13878
11400
43998
65659
79810
2873
20237
63492
30581
80309
83036
85087
24003
44486
77212
7940
77584
28937
37122
48967
49294
21558
41792
20014
2926
38976
60536
60044
61150
83474
16115
36979
84099
6886
45103
70054
54439
60955
68908
50549
77292
72839
58136
59743
62637
82096
43970
33375
68824
78679
60895
23814
66742
85251
57173
59361
16467
62469
57542
52972
5839
79756
74325
73345
38049
56396
71117
77254
25487
56026
70935
745
57149
53928
57934
54671
49489
8224
62901
48609
43074
71701
85406
74165
8761
75576
58397
82760
63550
67478
48638
58467
71737
49281
78301
21382
49194
60859
76413
68175
43417
52444
85655
994
41370
69094
38384
2272
55975
65450
52434
49949
62728
84330
49394
2893
41490
56034
63901
2481
33876
3338
64681
53604
45337
10607
45505
40331
63246
49477
6257
58460
62907
65842
50805
56259
14557
52794
74925
516
74672
7065
44251
6385
11452
70533
67673
54334
48924
71577
51501
51824
34573
21572
80872
76465
58562
57303
49524
45570
2864
54382
60479
84467
74309
83118
43993
62610
55721
46073
79771
71441
19903
63651
69095
52916
66395
57227
55262
29903
32250
77681
13910
15747
47437
3730
73749
11294
12442
67294
33097
80173
65404
21405
62380
56103
77038
2531
11480
24752
52970
57385
68650
33993
65876
48224
58299
28568
10338
13963
80023
72915
42007
9087
74353
8380
50972
75610
82980
48858
13987
34408
48569
26150
63140
85626
45648
71809
48421
33091
6196
79901
69150
70507
75571
83498
19601
52939
62648
65506
49545
29050
33844
51788
85455
59648
47512
19126
41801
47509
66156
50608
55876
80442
61914
76280
53896
83832
10661
61109
17194
56762
13943
36845
69316
14646
82215
55808
22052
41348
34634
77155
83690
60537
80885
3149
73939
70530
70469
42610
76801
64229
29484
21038
66435
31838
1992
24794
45647
69945
53443
57132
39794
79654
64196
12202
59512
8874
68760
42074
62936
77243
63856
1411
36683
74945
48134
79366
49508
57398
72791
15498
39382
62773
84953
57994
55949
54956
54678
85019
49561
83402
27018
21691
65390
84600
2490
28262
19496
24529
13340
80337
25022
76402
54527
55854
3928
14302
64982
77858
61821
62794
67942
10017
53693
70050
32383
46212
55487
83468
76233
54825
20600
65170
60034
4141
51180
6410
67346
51922
5139
17150
41877
20975
55640
68822
62089
36416
64387
80307
72749
8111
47600
1755
73385
62589
61455
18979
2374
43519
37118
62689
76386
13668
41786
79843
64379
32118
78998
53760
41330
71390
24470
61259
60457
77920
64145
71016
1551
36951
61110
53747
49892
27956
49639
62919
48734
39579
44999
57241
57589
62864
154
60987
80749
49176
61457
993
71648
3984
48579
8937
61945
74034
17939
56517
67883
51690
50893
39767
40409
81974
62342
57185
14159
3132
73253
73286
7140
50581
77813
62557
73736
78699
48617
51765
83550
67502
51254
30697
17615
51820
79079
11633
47412
69728
44876
46527
72884
5401
10168
68065
82560
63802
68003
50362
43790
72823
47396
43615
5721
2434
1267
70883
61702
42744
70562
78669
53094
46242
74754
85131
81950
43424
67939
77662
35996
30203
47143
58656
56334
23065
79038
85410
51532
13090
12007
81460
56600
62641
43636
37725
63996
65658
61915
49946
65760
49663
68322
51087
2283
53869
46985
2365
45585
53078
36558
41390
59198
12521
21369
1419
52285
32885
26885
63326
10649
53380
63353
40958
72754
68657
44502
61631
5160
34989
29795
26389
57371
42033
55198
24402
7710
46883
45555
59128
67814
56931
53078
62692
73761
43287
46872
42882
66509
41479
74083
59104
40472
79648
85655
17346
37672
65507
70262
68569
59048
64064
22
77967
76983
12203
28515
16776
63127
48017
206
8728
61638
29208
39627
8038
55427
1526
73581
16497
6245
42979
47107
68492
67663
16111
9498
68571
65484
52646
84825
85167
65984
70516
59450
50348
50272
3349
81262
13336
42973
77967
61023
39724
1537
72224
51126
4739
76314
85572
85510
2537
14270
64264
58262
51419
73550
73218
55960
22288
48421
10841
76889
54498
43926
16382
16901
81327
55275
20740
33490
63218
69594
83629
4520
50665
78433
77160
76686
55761
21890
48879
51360
4598
7963
11871
82234
68912
73206
51939
54947
6853
9096
22463
14426
9734
80872
55752
47402
40362
41743
82145
58001
83278
50148
36263
69894
70763
41274
85607
78038
75478
80787
7112
20560
7413
84451
61761
48054
57798
73688
18076
63405
76431
70702
42218
62861
47441
7238
5034
57939
44640
79687
70716
84037
55287
48086
60002
75352
84513
82770
74775
27159
17732
2320
59443
49527
74754
55895
75954
82857
16721
66575
9372
54369
82211
80219
19729
85641
32872
55385
14962
55303
60670
44957
6484
74049
18199
68487
47594
59259
57447
43735
66332
49097
50334
72653
26852
46427
49816
84029
68908
72038
20934
30835
25879
12194
5700
18194
3264
6711
48601
74238
69730
56789
4819
70988
71773
74551
51067
44509
12083
52583
25153
43940
50623
55921
43027
84956
73159
61999
78197
17222
49484
11542
46741
48110
73026
85173
50751
70114
75913
47146
49303
79205
80521
86126
55086
73906
55692
45487
69747
68404
4995
59259
59599
50445
5394
40308
1322
20468
65217
5126
54740
11760
60610
44887
1359
75424
20709
69975
12801
49438
40332
11200
77651
60108
62801
43564
47108
4880
65740
38567
4984
10049
59067
76768
84529
39733
14176
15717
50097
82287
78132
163
49296
61086
18412
580
83076
62341
41121
82517
65633
56562
2110
51263
81150
51197
66766
86341
51499
39158
58674
24989
62086
50088
70500
66070
81695
40930
69685
54576
7171
45141
34587
84347
52990
56609
56811
47613
47873
44863
76834
39667
75758
64217
69719
42520
63894
20529
9822
59028
16727
66426
11853
85297
84187
113
79518
52060
84339
69786
66485
50567
64805
85455
56946
61123
65366
69704
20049
58567
70722
81560
58956
54854
