26754
68672
63155
28859
67349
240730
115352
103155
16003
68777
35992
59474
63393
19036
48523
52385
21912
41978
106748
57836
39084
32686
50155
58931
36497
39812
48944
33971
12448
53611
50960
53930
32238
42292
43307
11433
56971
19916
23225
53466
36148
46909
53772
30989
9705
33728
110214
18917
12361
32316
32557
46512
22424
19014
74711
10694
28034
38861
43498
14060
9901
47459
36349
37457
60776
9618
43020
50477
48399
38293
17651
27796
18255
12537
30318
38258
147541
61752
33360
35198
10841
13990
54191
46361
38095
44702
24308
22811
65866
18863
46376
71012
28207
12271
18241
64738
52166
68719
10277
47251
8060
14394
12774
55341
41988
40418
36080
8458
9143
11567
23845
37514
32262
12461
50236
77084
21064
13377
37419
17195
8666
48081
20981
23291
62947
23634
8485
7057
8030
19907
23582
7815
7458
46343
12625
15703
55841
43617
70334
18772
68759
68751
45072
14360
20366
9568
8850
7395
14753
12711
27567
24358
24964
33602
11897
7403
51370
39698
28870
16683
12037
14325
42992
15802
74074
13072
55410
57219
24070
9012
14972
53729
7204
23298
11980
32207
53407
16356
40653
45772
6825
21578
40700
15649
10654
8068
10313
13334
40785
19816
28872
20490
55468
23344
35776
11090
9419
77435
24834
45301
33455
25301
8778
22562
47301
19998
18925
42863
10689
20973
62621
22158
11635
21048
7492
16399
15365
56473
15676
11706
34113
20452
17327
7229
34395
14256
27807
16554
31482
12536
16930
15401
31528
10270
11718
6837
45329
13807
26580
26220
28077
18314
28675
82222
10276
20244
48288
9249
18491
16323
37995
15183
14547
37852
43552
5684
29948
9505
10414
6747
6474
39016
38662
30788
5834
23396
7838
28112
50087
9424
41422
27285
6800
45700
20450
37394
7556
7210
6450
18409
15722
18074
19756
11583
14950
9825
40576
6572
38733
20528
31153
36253
20894
50949
13427
13065
37187
7356
24314
10997
17856
25402
17960
17714
19727
21800
47059
7961
35409
54233
13926
8299
58244
50572
19373
35828
9096
20929
17558
19273
12762
21236
16893
9766
21943
54320
21545
12015
65729
30392
40945
16287
40871
7906
87570
14142
13878
10983
9828
18068
20929
41979
6073
13324
34487
14551
33853
21757
13429
28638
25091
9174
11301
18054
8248
29191
22174
42321
58969
14549
18159
15978
59487
12315
32368
15858
28984
20828
5989
33032
30106
22799
32732
33620
23878
13937
16791
14489
11338
8652
22687
23312
16941
14442
41789
27019
12318
6755
17375
11393
25478
18818
6280
21034
7205
13522
6704
23858
11446
13045
11646
50431
15938
9097
36979
7475
65274
8907
13713
6789
9565
13790
17567
34752
5742
9542
8146
8227
20199
12601
37123
36606
12307
36481
37878
11881
6629
20342
38070
7927
16015
28712
49730
7068
15428
18280
9726
15832
16586
16497
17614
46558
34379
10880
13742
24948
45681
15075
20526
6043
7795
24080
32263
6984
40930
5612
15362
11262
27428
29055
29175
42425
20378
22345
17632
9613
11379
7906
28357
11856
23347
27602
31318
18657
7197
23828
42013
14451
15804
29679
20523
24776
24581
13056
9738
42558
18616
26718
9880
6142
27085
9905
10325
11857
36164
14095
15559
28353
51129
16701
12399
14553
51390
4909
17279
9546
33307
8148
69323
30647
7407
33408
6290
31493
26348
23671
15561
20642
16596
11579
10483
27392
39937
10492
18265
14233
9714
30384
29769
10438
14004
10806
23096
6844
34524
6568
29208
15423
11656
21701
25587
19870
39192
35062
22515
8499
19016
21431
6041
37759
12449
21675
8435
86177
20244
12964
24097
27574
8233
36492
5602
18878
8702
6822
4947
56391
32629
15792
26872
14886
10209
8663
56117
11048
29283
7569
22320
14192
7782
34811
12448
9191
11135
29094
26964
7689
11428
23729
8046
42697
19610
33195
59648
18959
6582
10750
6820
9329
16063
10594
40276
5397
7040
17024
13733
6403
15904
50924
21023
31791
5119
35983
34936
31244
17722
12072
28854
14453
15207
5842
14173
7093
5015
10431
33565
21368
30740
7131
12544
19052
12343
13819
14625
5132
34458
24222
28043
9833
16925
13231
43032
15089
12348
33837
6429
12987
25274
22611
7084
22648
17317
8673
44879
44242
11901
15809
19261
20856
28423
21690
6188
17495
5199
7623
12174
11911
26024
17987
6135
18923
21441
5395
15031
12794
17748
13707
52156
43046
10667
5886
11378
15144
23132
12059
9430
17596
27812
5228
16578
12710
27267
17819
6535
39810
11823
14957
23757
5507
20273
40225
42565
39769
8553
5599
11392
18809
19030
10800
14687
40610
7644
14486
8204
13040
9850
14066
46710
15997
5218
19623
18075
40086
5008
8893
26675
23842
5537
28925
33907
7514
18383
43624
22000
11160
8134
28999
36367
5063
6890
46365
7061
20347
18216
12492
25988
13427
7538
23273
39291
24058
26740
17685
6140
13529
13858
41065
9101
19624
19943
15183
20929
7179
17509
4807
22230
7322
27750
48908
9225
32425
9427
6587
8691
8999
26108
33723
4252
5316
30789
74693
43282
47971
11037
4513
4694
6789
15133
29501
8698
19750
23246
15800
13474
22872
9876
14456
6450
15794
12468
60160
12149
5393
25300
37584
9453
43033
14920
6098
6141
12977
16990
27074
20411
13902
8079
52393
8482
28154
14340
16590
10387
19172
45447
27097
21942
9036
31832
36795
5540
13408
6155
40284
39208
7193
5546
6429
37679
14093
17618
34788
15020
22071
16793
8485
38896
5016
21791
18792
13329
23405
14515
8522
5153
7569
6471
21716
8188
14692
12775
64592
6011
7225
42345
21905
42859
31845
9945
17625
56746
23506
22781
21226
27339
43597
23376
19185
14454
16397
21369
20878
24637
30715
8983
11601
17823
38076
50280
19002
65623
21385
8581
5658
5092
18278
15423
13945
34213
18748
5383
6919
17403
6871
26208
12230
26797
6319
34336
5857
37984
12980
18580
18560
33699
9520
40627
6106
22513
26293
6464
25658
10233
59763
43232
17202
36106
11354
8181
16394
21466
40587
7775
34558
15886
20975
7037
5931
4613
47301
9147
14627
10288
15054
21449
20637
34757
20688
31852
7715
23058
6737
5540
14045
14425
14547
6619
29418
42118
45749
12141
30906
42116
26757
8222
7454
14568
19807
30012
20512
20254
9325
10722
19731
9693
18965
55371
7062
11136
24935
13579
30555
5813
19279
13741
30637
19116
34275
20152
10135
6431
9322
16896
25767
6045
10607
39106
5110
5074
29106
13702
9269
6797
15232
36926
10392
22439
8253
39521
8036
24060
12781
8366
15812
11614
31690
16084
10339
9974
15690
24209
8677
6074
19036
5708
5778
22815
28968
24752
29334
7834
22659
9398
23335
14179
10728
15353
17694
7944
30717
8982
35051
8649
6907
6900
50985
26761
27443
13400
20829
14926
32818
36561
16525
62131
32883
29888
5392
24198
8200
18506
13262
14593
16927
12442
11552
5154
6252
39425
31711
31509
33627
40605
5174
33561
15211
23731
25285
20903
7507
10030
13614
14468
17328
11034
38265
19403
19138
25466
12054
30663
18244
10344
19797
35285
49367
20470
23484
34193
7756
35621
8270
32418
8830
42337
12543
7589
8108
11427
19594
22724
25233
15885
13258
30040
18435
7686
25044
50137
23951
21482
8558
5311
6905
23077
22972
12348
16208
20511
57183
65997
17882
23844
14563
18956
35685
15564
24631
13473
14902
5852
4842
21337
8545
8943
5946
31655
27531
4141
41155
86947
32400
31099
12864
8548
28218
8502
9708
25360
11902
35954
8327
11388
29169
31893
22475
16752
9388
9930
5694
6471
39601
15095
19202
53844
26835
9009
7622
22713
12008
15858
27507
13113
30619
22303
19526
15381
13347
10139
17755
5959
18998
9192
16045
61729
19462
19155
25595
31039
29183
17639
45989
16656
30132
8583
12350
47994
22790
23432
26864
35063
13389
30361
25609
12201
12178
7736
6257
32356
6320
45789
5039
11223
41032
19008
20409
28612
16784
10002
21419
53011
20939
23613
29603
5093
23333
32864
8800
60530
7424
19786
40168
37791
11930
19149
23783
15913
26811
21262
31598
7288
6108
10913
4462
17776
14863
14291
5421
10032
10123
20962
20011
25298
4962
16818
15882
22175
25832
16215
25304
30575
9763
44558
18867
16054
21032
13138
7579
10727
21755
32885
4519
20326
36506
23550
18258
36347
12150
18275
42441
19591
7418
27168
10441
9385
28097
5853
33984
8460
12437
28899
4456
7426
9531
28761
9933
12561
45400
5405
14859
6961
14749
9304
6635
31953
9197
8356
12554
7936
9463
26571
24347
29887
11589
16999
18721
45124
13842
8297
32687
22168
48857
34148
15687
55441
25699
21722
7967
31493
37742
28355
12396
30399
11121
21381
5236
8175
14337
32676
10755
27632
6952
11548
38539
23271
5704
17980
29828
10759
19635
45105
7590
47802
15853
4064
17503
8161
4056
31853
18248
14320
22526
19320
18849
36390
5139
50816
7566
49174
21814
19859
16218
15173
5914
5490
15727
6199
24290
11565
16109
8666
43443
8511
31836
13591
11355
22584
41691
6331
24025
38952
4669
12282
35292
10367
25074
9998
28628
9414
8993
4796
13724
21556
32391
5870
27322
7868
10991
16725
14219
42982
17336
18348
51803
25912
45904
5971
5482
9505
6348
31348
4652
14301
21149
35716
14441
4065
4889
37557
13839
12996
5680
5255
23436
8066
5285
31162
20595
23366
13285
5330
10801
23382
16681
8013
52252
6336
8079
26438
7784
31669
25044
7206
27158
26647
18570
4821
12537
35336
24334
9646
25600
7277
6301
5534
27404
7216
6274
29496
23196
9321
41444
30845
60679
8491
15799
7137
5630
42708
10701
14338
7350
34059
15881
20449
21610
18377
53603
28846
20478
22446
22944
13133
7327
34920
6558
60002
5337
39987
29129
26360
7812
18964
37528
5482
24587
12078
22540
38521
45332
13170
22803
5616
14970
16319
10584
16118
21964
7078
18688
11463
35287
4902
11760
20855
5133
20694
30837
7772
6564
10541
33893
32652
11585
12964
13476
11932
22324
13435
17319
22907
13887
7225
8210
19335
17008
44654
54823
10049
35242
53388
8910
10336
7617
18453
24409
16365
3998
5517
29659
7366
20690
4909
17194
15819
8264
20458
17565
32753
7596
9818
46335
4708
13218
16866
25048
7254
5438
13023
26710
5946
7051
6896
36921
25800
24952
12596
16351
9885
8645
14903
34169
29752
24529
5369
8022
7770
7488
27447
9006
12083
10756
34569
23251
23243
5832
7147
29614
18080
9659
28841
32117
29799
21987
8068
7694
29671
16675
13087
5530
21039
23365
11523
3892
33237
14573
13105
12835
5255
16194
7976
17377
20400
25319
21263
10109
61076
29184
27556
17527
28561
4380
17378
17299
9255
13563
31529
12447
6422
12758
31163
5157
43484
26885
30175
5470
11288
29635
20238
18679
5420
7557
8115
5974
20588
21192
14101
5951
8587
56366
44615
12992
22170
9532
25612
10941
7238
16573
11202
16207
6991
27756
11179
16481
5040
4431
17177
13305
31373
36615
10582
46660
45353
6145
34746
25281
7244
5932
48437
23097
38076
9782
9938
6955
5273
37439
17469
6462
19740
6939
5432
6049
16319
6674
5008
15017
18102
32901
3935
13389
28608
11999
24140
11640
8977
14325
26740
17215
19306
18502
5870
4226
36638
44641
16937
19442
26821
24556
13474
18489
21060
5755
4650
8122
11315
28542
17990
16239
10748
11807
11013
11905
14278
24917
12174
13138
17935
5815
46349
50436
15313
24204
32872
20503
6699
8604
16121
18887
17851
23561
15686
13771
9331
28362
23198
6519
31975
9148
32220
8301
8310
24280
9738
12114
10145
23607
16404
12795
27912
8222
16666
7270
17860
17605
5052
13117
23550
7221
9410
22443
14225
7810
11415
22656
3911
33336
25253
5016
25047
23279
20831
18673
26733
6623
21074
19967
6367
25937
6461
10098
14505
28854
28005
14741
9767
27400
14164
34021
24479
25712
10347
16846
12604
5766
13279
19113
15453
4852
18945
12051
4569
28842
9811
13145
29431
8722
34618
73865
7908
21136
29069
36011
21662
39522
7964
12553
13129
24903
19633
26470
8575
14359
5374
5461
13078
28988
20989
10415
14379
38474
19050
20425
17385
11704
15393
37359
22437
5995
38531
18673
18611
5056
13424
9558
10634
9659
30600
11807
13674
12172
28267
23354
37492
23103
10171
33151
12332
13501
17917
4029
37732
15917
21969
6088
7272
12482
10130
15562
35150
13614
22859
8800
13138
8396
5612
13970
15671
20608
10257
18827
11488
8557
18054
19775
5378
12232
23457
6250
9308
11943
30282
9421
30894
27373
7327
15366
7602
12354
18167
4888
33432
16109
32937
16070
9908
9171
57179
9423
21380
40120
18805
26979
5178
19187
19913
17697
4761
12117
28526
25720
27869
6505
12120
53714
18330
31316
4646
9883
11416
10859
27327
38691
11077
12367
40305
26149
5022
5300
4722
28724
8707
40535
9384
6086
8776
6924
10605
18882
28738
19243
12776
6468
33007
5428
9440
36051
27770
17173
4342
32407
14349
48192
19991
10144
9672
38824
5224
7268
9293
8840
11568
14184
16457
30227
15282
30535
20352
12030
5275
18650
24206
20751
5105
16337
31157
26443
18011
6751
19046
14083
32415
39936
29713
17455
10412
47941
29096
24213
9028
18712
39953
13034
12017
9288
11461
3727
5747
21723
29023
14911
37810
19712
5037
6402
8149
11816
6553
9746
49990
11540
10754
10217
22669
11652
8696
7796
19722
10025
15377
4603
24918
15517
22942
10741
62299
8306
24196
8105
6532
10596
8584
18191
12680
12873
9050
14551
9118
7747
30962
8150
15770
5892
6089
5312
5046
13501
16050
4722
8360
20753
16230
44920
39905
24251
21032
12402
52296
5602
7098
19873
22063
7009
31300
12309
8431
6596
5844
15184
30153
13691
34638
6830
7003
21574
23442
43837
47441
27439
8098
7943
6559
62007
5483
4833
22612
22888
9674
22359
8084
3709
9067
5270
12649
24242
21877
45043
6582
13860
6069
12863
18559
16198
44254
11510
15471
13506
13265
13309
21111
17913
40931
20707
28935
9560
11683
25674
17864
5217
5865
21897
4705
16514
28686
16839
41558
6980
31317
26494
22045
6088
9703
12136
16846
4534
16945
25574
28823
18358
28615
28972
47243
50641
12245
32556
7154
27476
10674
9283
14359
23238
16697
3750
59623
19485
15108
12199
4536
41082
11684
8744
6996
18530
21717
11840
4764
63848
5432
22229
17970
27751
9622
30139
18493
16730
7082
7019
6784
11263
34314
15079
18175
12785
6971
28325
3666
14279
7348
21500
3764
5071
7094
30241
19449
7279
32440
13536
32347
9747
17567
27465
13691
24796
26678
27469
19482
6356
7421
8253
4217
4656
19391
38114
14322
13333
11255
21349
36246
33977
8576
4854
16067
20213
58408
13488
6849
11646
5065
7110
19239
14617
22783
8980
18745
6567
9071
11428
8538
9373
11214
7898
28748
6317
18968
11670
14491
7412
23961
14407
24416
35820
26172
15240
8981
6782
10405
17780
13208
6034
16167
4775
8266
15673
11616
25198
10534
7093
10690
22700
3920
31996
23316
31563
37592
7554
8916
10271
15698
26597
9974
7440
33962
36967
12349
8543
25458
41123
7217
29494
23732
17278
8364
13286
15929
9697
23174
24459
24297
6846
10176
34724
25102
19553
12901
18897
9847
10191
8197
9100
45732
23056
35586
4371
48208
9347
23194
14671
14142
18032
10561
5863
7688
37542
7241
21219
17701
50023
36251
28915
14915
20269
5652
6368
23553
18614
21082
8513
19507
28116
27770
9370
30186
26183
15723
28069
9008
5301
16801
18693
25100
24794
10342
4728
16197
9580
29801
12149
8700
9391
14389
5906
23850
10279
7979
6155
6486
26483
9931
6347
8408
7244
28526
9735
32145
26100
29995
10423
14813
36090
13206
26909
9234
23802
5251
19653
46196
23871
18590
12537
36524
5601
15352
7587
6054
27584
21320
6043
11287
8150
7276
6631
9530
17531
11106
17347
6077
4756
6739
17680
33826
12571
8785
6699
6111
8426
27623
5953
17490
7834
12786
12538
16688
41266
20014
16488
8414
14546
29340
26010
18402
17757
9594
6859
11039
12367
13789
17695
22878
11727
23349
43109
9843
10886
29118
13058
17515
35882
30470
34977
7459
6430
17464
11571
47282
10745
18050
7087
4658
6794
10881
14236
10743
13958
34523
26808
9641
22169
34631
5990
10504
15563
6077
5332
10946
4655
15329
41728
11921
5267
4737
11642
13448
3970
38298
25937
7432
10118
42381
11940
16742
5595
23996
20371
16232
14959
19465
26277
33321
9088
7946
8208
27445
14307
7289
18627
14546
8003
11928
18019
17343
35815
8057
23842
10955
29913
11940
21977
40356
9938
22769
17750
16493
16325
21388
21399
28375
7376
7602
20029
28190
15750
31312
23259
24695
8422
7273
30437
36613
55787
13459
9064
9534
5698
33930
9861
11156
14732
17560
7333
13312
11804
13493
17463
17054
4162
3738
16710
30979
9320
20672
14146
13981
21493
7203
18789
9322
18284
16251
23269
13814
12942
7947
18777
10357
32019
32372
12603
4933
23674
6999
7342
14302
38387
30979
11493
10776
5504
16290
16238
37163
21732
16935
18251
32860
14253
23723
3571
13804
7286
22878
13879
14300
6903
9648
5261
14105
10238
12236
4456
7573
22901
6786
14535
5898
14440
19565
15363
29466
10354
20920
16509
20575
19041
28694
7746
19375
9585
43793
15401
17019
55403
28912
12366
7750
7123
28935
15529
15588
9913
12349
12369
20536
43521
18267
7494
11910
20474
45546
4374
20311
24222
13677
11973
18524
38407
5140
19375
17190
11930
26807
9375
11014
9138
35004
20021
6163
6203
9748
10372
35927
45801
31760
7438
15962
13189
4819
9127
5057
22319
17991
5062
23211
9028
5903
11514
7315
18942
14299
8135
23038
13005
24011
5448
34732
13216
27352
62717
14465
15806
24204
11029
8212
15973
19804
17418
16563
39268
35606
10326
11007
27800
13967
14043
9371
25424
11508
6971
20661
10212
12305
30183
6530
13370
11489
41234
10680
25229
17806
36898
43925
3996
10393
7157
23272
8222
36148
8741
15095
8816
19630
15533
11967
7901
10847
12207
8075
5101
27789
39276
5066
7317
18654
19068
46408
24818
19500
14252
15897
34003
19759
23733
29505
21197
39806
6486
19665
19220
27742
12945
22967
25304
17668
23634
20784
31672
31089
11609
13616
14795
15778
13614
40865
14123
23470
4972
18883
4882
19302
3883
10545
7819
11454
30654
14620
17670
19895
27023
24378
30327
18537
8755
20477
45186
11152
11639
8860
9312
10095
28612
5465
21432
13889
12239
26720
7756
18859
36458
23632
3643
24256
6214
11188
8754
11848
7360
13907
8591
34647
5812
7167
39064
14651
37135
30705
15629
29499
12352
7041
25668
5065
9776
23344
33294
12551
7697
4572
8402
9540
16554
6694
28748
21450
4614
12477
19788
6340
11233
13334
17207
36579
26324
22314
17436
16722
14756
7273
27982
10350
17411
11084
14358
16677
13356
6803
6135
29575
15921
5138
12978
25491
5018
12492
14881
14475
13474
16642
47538
8017
14572
22279
14709
12488
37465
30851
42124
5750
3818
8305
8051
4640
23598
13325
24013
5974
6470
16082
40241
15333
11707
13462
6267
17817
22287
11770
23245
13239
33431
43371
13757
7414
9225
18840
34126
9142
5747
13256
28802
17123
22365
18468
13481
16744
16182
10127
8322
7786
15387
44072
22142
16993
9081
7517
12784
7951
16614
18840
4723
3727
6454
9209
18069
15662
55212
12948
8344
25680
32633
46962
31252
9508
16700
45339
6905
8328
10813
5819
4442
16556
12384
18080
33346
5539
5497
11629
17301
4262
8900
13087
22538
18471
7544
22682
23073
32188
8200
42074
7823
5381
8921
15037
7018
19799
32437
37730
21377
14680
10380
16089
10938
8384
34617
4941
16107
24866
21552
27554
13565
13822
8246
25529
11685
17936
17905
8932
36948
18812
13940
4299
27319
13563
9142
36040
5213
12134
6936
7974
5670
17370
18152
37746
8948
7357
14694
78551
11096
40334
8167
59008
13103
10161
22478
5620
11319
10913
8072
5436
14085
9840
21345
10410
6757
11109
23348
14002
15515
11892
27228
6970
6837
17766
19442
44790
24431
12589
9284
4492
4331
11717
45739
10715
6610
3699
12107
5883
9563
13690
30300
6342
23310
35343
36643
4504
21412
18418
9763
5732
51648
20311
14364
16120
15082
40515
5259
11639
32168
12520
14643
9647
5173
23177
13637
38261
8650
12207
5327
10492
45139
23731
13312
12382
27222
7102
37663
11072
5529
4199
12656
15722
8909
18775
4678
13726
32764
7757
11424
10777
4207
17348
26523
28297
16097
11426
7965
4884
11576
18540
17646
10130
10500
31166
5421
22900
24445
38796
13005
8136
22356
17855
21501
10207
4365
6494
8823
21393
22037
36949
23432
7223
9728
34865
26489
26168
10849
8763
10350
8966
5130
4722
4821
20739
28713
35424
13439
15181
6955
13615
8206
20091
18617
15831
17114
18851
16206
13116
8378
18259
32876
22419
13292
5294
15276
34971
25612
10013
8276
18552
18571
25888
4589
9372
6027
36255
13651
16982
13942
14609
7180
25785
17480
15062
11098
7753
16552
12192
5154
4412
17250
13664
25813
5665
5983
17803
6137
7824
4730
7826
14086
19770
6483
35707
7779
5563
10267
8927
16274
13791
12943
15741
19622
62481
46780
9440
7511
26829
27237
13067
41062
17922
12360
18525
38807
23552
13990
15987
28918
4159
5793
6866
20772
5323
11246
10682
6333
10344
13403
5409
28626
47945
35631
9413
12433
13891
11581
15817
34438
15498
4184
30320
23846
12079
18250
18677
21953
11150
35525
25048
39640
32920
26596
17025
17789
14926
8690
34370
43589
16984
7639
8672
9596
13285
31257
8262
29559
26628
26628
10743
6235
6229
5563
11612
8621
12137
21745
4173
6868
4246
21301
4324
7151
23470
8629
24327
6877
20425
43099
9484
9726
6619
6626
10481
17692
4854
16440
24503
18111
30833
18923
17378
11551
26307
9134
9583
6851
5183
20057
24358
18490
37979
7813
7100
6874
9846
33034
15488
8129
25550
20321
16484
6204
14725
25049
10705
9986
7165
8332
7327
25303
6450
5779
14965
21625
11564
5555
6417
10170
16227
11828
10696
13733
7488
8788
37811
17316
17430
13741
4162
15951
7661
38949
9387
4669
4210
24374
28484
27787
7278
6723
20193
21382
34382
13718
5913
16793
11334
28057
19381
9204
19072
18985
13087
5168
5440
5331
20920
36813
9337
12552
17963
29557
8931
12854
8245
14426
4669
9452
9100
8708
17628
7452
11821
26053
4249
25358
16447
7247
22875
17713
40065
16223
15196
12919
9396
6163
15834
16284
12492
15152
20378
7655
27957
7970
5574
10799
34790
29814
13349
10891
11276
10503
46401
33815
44777
23721
22733
10954
11038
13296
13878
18616
6316
7121
6919
37481
11323
19536
10757
19275
10635
12726
20003
20769
3742
38646
20828
5897
8367
4927
45945
25953
18191
14403
9076
7665
13479
14053
13986
15794
32728
21476
12144
32110
21711
12429
10267
12935
24456
9967
13489
12599
21836
35908
21590
14020
14550
3898
24226
13123
14150
7093
39239
9497
19534
6539
3901
31143
5019
19657
6648
15995
6718
14397
7446
25658
35262
4392
20960
19944
6070
6180
15210
14303
10615
5577
19112
27612
14161
4418
14336
29730
11957
43353
3990
16389
23696
14607
8795
14780
28535
27428
17959
8686
25161
14526
7499
7669
22918
10614
5018
31939
49357
9402
5992
15919
23447
10154
49935
25309
7174
14701
7753
30710
3755
34698
16898
42171
25315
30657
4855
4583
8898
26235
7711
14609
7662
15046
4466
18603
8131
33164
15278
15580
31406
5270
9302
16574
14882
5206
10586
14652
24302
9439
6155
15030
12069
5639
6063
11061
12110
4171
20314
14087
5500
18362
6927
5270
9395
14174
10400
11570
8011
22939
9503
10242
7789
10111
17486
12522
9072
5744
12886
4250
14267
11383
12421
44110
5581
13367
16664
6780
10518
31643
49229
12427
13138
24965
35297
12518
54500
7221
5512
34620
4001
5996
14106
9000
9732
17765
35141
15489
7136
6229
7079
4786
7245
10201
3347
9990
12973
20909
7226
36219
5608
9547
8761
12188
9089
4639
10319
9612
5801
13682
5533
13106
49103
46570
19299
15106
35417
7638
24388
8838
8866
26315
24611
19443
9965
19288
26139
21183
9972
22703
20243
19078
19258
24956
24335
45715
19312
5020
13790
5742
8415
19609
8619
3747
27773
29284
7175
8579
9344
13212
11898
34300
11767
11096
34671
13338
25815
11590
11984
9943
4003
10760
25881
10639
18155
5858
13555
28962
9451
8636
27520
18752
8727
9707
5524
15333
6775
10351
13760
18552
4727
10668
19453
3714
11040
27426
7490
22503
10304
20181
17065
10037
12415
12318
18945
15387
41749
17178
9064
13732
12744
33089
16879
5981
19035
29657
15574
23345
18801
34920
10772
30479
13924
15118
4777
28677
14366
23321
19341
42818
9279
11890
23140
6184
4300
6038
27954
27506
25683
23812
7346
19634
12326
15275
13797
5855
6430
7076
5574
21143
6056
9574
11864
21394
39154
9529
9610
11557
28986
9154
14636
9638
5464
10732
31308
14505
7410
16860
21527
13243
8091
26497
7697
18270
14201
17672
6798
14042
12078
22851
4813
17382
35223
27408
12740
6097
7778
8910
6197
12578
15032
5959
8384
29148
6844
23208
14692
7763
5219
8705
49877
7517
23166
21706
22312
10503
14992
7196
4578
41120
4285
34929
16421
39534
16658
17879
18725
27536
10720
8419
4621
7095
15443
23976
14621
27233
5976
15424
8318
30081
6444
11478
25834
7216
5347
15545
19991
15770
12055
14435
46098
18224
7824
36926
21561
8347
11117
22689
6724
12499
17118
19122
17288
5480
8397
16826
3760
6551
16703
16903
5545
4142
4813
5863
10272
43836
20662
5478
26425
23186
11863
16018
16578
17509
20195
36338
4497
6080
17393
9727
22632
11872
6716
12865
14438
13966
12696
36851
15604
8000
25040
12787
9464
18362
36044
11606
28411
8802
14080
4991
7283
20608
31902
9552
24527
8086
7226
3751
3375
45080
10104
8737
7109
14377
10354
10312
32166
18143
24321
8068
21563
28413
10668
15524
20653
12480
14410
6731
14421
4866
4908
38408
6962
12116
48246
10209
33254
4078
11969
18726
8532
23698
15447
26884
7803
6159
40200
9053
4330
12964
11729
4409
10076
37628
7075
7646
26952
25535
23459
22191
9246
11303
10943
49146
9275
21224
4405
6618
24698
38550
17676
8591
33365
31098
9162
9126
9203
7156
12690
6009
21916
9332
11134
11947
17783
5109
8613
6699
31240
10832
26372
41989
15633
9865
4883
23757
15500
14193
4540
7133
22958
9046
7754
5419
19423
5873
12253
25922
9334
15572
9946
48078
7577
21353
4846
19732
11498
15168
40402
9352
13982
23941
31308
7988
11418
13742
32946
5171
22217
17757
7847
10776
19595
5432
7493
4036
10573
7400
27751
7796
8892
18565
6223
14905
9911
9050
19872
14796
5710
18157
10955
11430
5706
15583
5617
4976
10370
9331
28357
34887
12163
12036
11640
21032
10283
11343
6501
33590
6531
4547
8119
16465
8091
34018
47006
13149
5898
12429
4077
28091
4761
11060
9623
18830
4833
12700
11665
14727
8251
9513
7421
38402
5110
19100
11051
38810
4349
11841
6677
9026
14654
3548
4608
41450
26271
6557
7879
18746
30467
17081
3997
19913
21770
20998
58711
12429
10067
29754
5279
12668
13130
9792
15377
18681
14609
29188
15698
26549
16180
12388
11813
13932
18581
12514
16718
13738
14426
8833
33074
31860
29439
6568
20273
14578
9873
16109
31767
8460
7247
12807
8793
17440
11949
16129
5815
6724
6143
11969
10802
13526
20631
16356
22747
21070
14007
14429
7376
5528
22524
25047
14549
17496
27674
15234
25880
13419
6200
12045
5576
9250
14114
12994
13557
16387
22177
5968
5477
7707
18123
5463
5630
18660
19910
25928
13690
9767
11442
8715
5850
15296
27376
6888
23135
11037
33467
4439
4145
20289
33111
13056
39146
6005
34284
4683
11756
21914
20691
6159
14815
15438
11578
13666
11330
16018
32754
10761
13821
9263
8953
4388
5293
4936
10780
14916
10902
14196
10574
13567
16740
13625
10808
13948
10844
8272
31282
14246
27084
11688
6627
8910
5497
3868
25548
6097
13668
19528
8974
27825
9542
8222
11911
44494
15350
4461
4912
4428
25058
16062
5658
10811
17961
9936
22397
6710
8836
10033
27682
32208
18646
8422
38889
26714
44950
19920
14692
12808
11226
13214
20370
11719
10532
16122
11618
10662
10289
36411
12876
7521
17017
11336
4684
7689
19205
12136
4575
8524
7298
13047
13231
6049
27669
17704
6588
29210
10591
8000
34404
16705
27466
19864
25065
4637
40452
12148
9963
15698
13632
23867
12910
6270
8267
19021
8220
49804
5766
18010
24193
27013
12466
9752
12434
19320
33917
14786
13348
8973
7800
7476
7397
17097
7980
8946
9693
34890
42707
4332
15020
22229
9306
10561
8170
17740
16934
4661
26400
5113
12613
8093
12712
6539
4817
11431
6418
24324
40067
8497
6050
5754
4729
5609
4406
14629
15531
23129
19965
9520
16815
4418
11525
22526
26799
35086
7001
17099
6063
7830
12126
20125
28846
4173
18171
24350
9786
8750
17569
7318
5794
29936
14046
16544
14105
18318
6655
7132
15217
7627
8342
44847
10425
14617
23479
10914
6038
24415
37397
29495
14938
19770
11377
17102
37023
12026
12552
5208
13831
13386
9028
9144
19743
5585
18877
3609
10285
51417
12528
11386
6219
24588
8768
14471
14908
9235
9688
18163
9004
7221
3437
12069
7100
27898
38647
13859
12444
11947
15716
13781
15452
24458
15976
6587
14973
6368
9356
8196
4348
17798
6007
6773
8051
18766
33761
13703
20981
13395
13604
10617
13511
6877
43071
10626
15255
5655
5305
8095
13596
37473
16215
7633
21738
23492
4808
30923
18032
8995
7315
9097
12772
8601
16811
32994
7602
5207
11936
25527
14669
8457
6869
4452
9930
7818
16671
17327
15306
14028
3871
15526
8608
12933
25508
32223
13373
15882
8768
19189
16908
6692
6731
21891
15389
9295
6470
5357
17971
11619
5979
10717
14936
10400
6344
15618
39150
7338
11277
15425
12086
15545
32559
14887
8708
24777
15159
16214
7894
6587
5472
19958
10793
8871
8547
6354
7461
14901
27603
32693
11323
5059
10291
10803
13926
17357
24554
15265
9738
10427
16270
6667
29934
14531
10084
17092
11123
16530
8216
28968
7506
4999
12394
30022
16098
4619
3823
46470
17812
13724
9161
15851
46657
5140
7014
10116
6529
6984
22791
36967
3224
6209
24846
6601
17366
3423
49072
59275
10142
18228
7147
11178
10287
23908
6515
12129
7356
5484
22197
18712
58045
16926
20866
7850
9182
9578
32186
19300
19562
4980
44553
11196
12934
13025
4973
10704
9454
11861
8601
16271
7118
9842
4423
4739
23836
7088
9403
6211
4762
14676
6160
7033
5067
14678
6319
30649
25770
22080
37181
16420
5209
10049
6346
18470
23073
7722
5310
27644
10465
11160
24682
4515
25246
13404
10538
7481
4039
4466
16747
23620
20036
14409
3857
9959
17285
8591
17661
46568
5814
7793
15501
18980
15855
12635
5546
21204
3606
21994
30843
3556
15818
7275
38316
11998
17594
23997
20474
25177
15882
4518
9306
23180
14550
27061
12434
10698
13808
4503
31574
28901
19734
14554
7456
10597
6091
5041
5805
9522
35342
6249
3321
13111
24025
17390
12572
13171
9046
7623
6699
20554
12590
16300
22943
20474
10287
25419
5982
7050
14138
5627
22749
12368
27955
11224
9396
14232
22726
10090
42147
7026
21102
12509
6070
10482
31897
15309
6117
15953
8910
5047
7362
21111
3628
4401
19137
8252
4470
22410
14249
19407
16102
5730
10651
9150
22057
8560
20344
6873
6937
12374
11848
5524
31492
13210
9611
12183
25084
11783
6378
36633
14119
51021
34014
28639
30065
19476
40451
40735
7262
43947
3175
22968
9823
9359
31839
5807
9476
4163
9246
17343
17264
13955
13385
23556
11162
22765
9873
16643
16182
13354
7375
6604
5748
7313
6362
9760
51727
6755
9585
18314
10580
12102
4924
43046
20769
36802
18505
6219
5288
32640
5357
5369
11176
7528
24780
27809
9542
29051
22818
8068
21629
22677
8097
7714
18035
8060
34266
9215
10712
4232
10757
26318
15604
29853
4617
35550
6087
10068
40469
43506
16661
5490
46256
18562
15126
25496
6930
6186
5341
31048
12087
10336
4893
12200
10207
7265
21155
5059
15120
11844
13300
32696
10218
15437
14500
6165
6504
13887
7815
13730
10652
26674
14174
7875
27129
8313
7188
16820
13714
12887
35836
7626
6464
71907
7261
9332
14138
8047
10354
31342
5648
10335
16013
10979
13251
6709
13080
17967
40416
19448
21536
11243
18103
5877
8117
7393
3897
25744
14733
19593
12762
7982
13530
15793
11165
10333
14400
5148
5540
7583
25171
10461
4312
10469
13439
10572
7519
43668
22000
10294
10803
13905
4282
13498
20515
10322
21928
7147
14357
34079
15165
7204
14177
18022
5500
20838
5684
10197
9172
20840
5027
9713
5293
11981
15378
11702
11017
21703
6037
13759
9082
5466
9353
7788
12076
9188
12037
22703
24167
20807
9248
6316
5715
27462
24705
14303
13990
7288
19772
11657
17619
11735
16377
12354
18688
13366
4431
28732
37661
10436
22382
7193
17776
10655
27838
22274
19141
20287
13168
23947
19700
12219
5252
29753
22179
16992
5820
8640
24981
7950
10551
21368
13745
7476
11931
10092
18135
3806
27173
10252
20867
4889
11228
13978
6256
7323
17075
9913
6738
6703
7695
16517
28815
5479
16294
4919
10045
4693
30013
15572
8762
4216
10800
5981
22665
9900
9898
4013
28730
9810
8306
61030
8370
20491
11332
6928
25273
12423
3392
5674
6622
8183
22967
8397
9973
12810
15803
11659
7112
4629
6657
6027
17009
14898
13756
11093
9419
8526
9130
33238
16430
5959
32592
14739
16998
20728
5915
50661
9442
9459
14902
6126
4364
6810
19521
6735
23661
3425
5936
19954
30962
6111
9773
8682
8095
9368
8790
11486
3397
61882
6396
24086
11339
9133
11589
25507
10890
8465
15580
50646
5511
15460
5720
8384
12608
47764
7053
12111
10971
11022
19606
18980
6642
10997
18867
9867
23025
24675
4609
36911
32934
29244
5609
17534
6797
5853
11638
12892
8740
12669
10809
5397
14978
23469
14556
6022
13911
16284
28996
36885
6717
11949
7831
20089
35332
19333
24352
17992
20079
10034
10133
6390
9892
19646
14636
7322
23735
27820
16540
6535
15237
10771
4908
3592
15118
7950
6321
38571
35216
6212
4866
15925
6110
11314
12683
3617
8489
12979
31802
9250
15269
10946
17750
15519
14106
30279
5570
11153
12622
22673
21283
11239
7239
6650
16853
19824
12411
25945
40957
16763
8693
6607
5445
9935
12823
10731
20926
22842
11667
13749
9047
18831
10677
5644
15182
13505
9661
5419
5208
11189
34399
6977
5866
6688
11348
9665
12366
9204
7311
10232
27361
8858
14222
24063
7174
16373
8976
20291
28659
41492
11292
12241
24863
43592
8068
35213
27950
21991
7749
4435
25817
24783
4867
11313
37869
12029
9043
9840
7235
8968
8299
11708
14134
9003
16445
9411
4334
8354
10357
5223
23549
9210
25820
7410
6669
5163
8223
3995
17202
8170
12076
8313
5461
31968
16009
11584
14462
9813
8445
15968
10401
17494
19443
8728
10258
11844
6044
9901
8103
19078
8719
5634
5252
9624
25564
6909
14039
15853
16197
7922
12493
11674
6211
9682
10934
22367
21657
9399
7085
12083
24139
7311
10596
4391
9118
9777
19782
14230
28163
15743
9563
9393
18576
39980
7824
4189
28506
14574
15817
6200
8782
19649
10454
12170
17732
10704
7467
18613
38243
9048
4326
10907
11507
14280
6553
12460
11928
15335
3675
23553
17787
6668
25734
11975
38621
5866
16547
10778
40193
15841
5420
19239
6062
8051
9728
6020
8900
16663
15634
8488
16493
9463
3178
25190
37722
15385
5010
5745
21737
13813
8226
18521
13701
11784
12737
7351
8146
12450
19093
6916
7620
40483
32917
14002
5982
28488
8390
12713
7748
15988
14328
22503
15175
11820
22436
3275
18564
16210
11738
14209
8600
8316
26631
10692
14529
14235
4951
16667
22445
29201
14975
7648
6659
25034
10519
21562
3428
35644
30930
6971
38649
8654
23742
6170
7149
8346
22089
30096
32080
24103
41044
7321
18205
9540
17226
16677
18140
9514
46562
12701
26613
31781
12526
6660
8591
5847
16370
9473
6595
6700
13752
12839
4150
13472
12510
9143
6360
8127
4990
5864
33238
13605
12697
3759
14568
8895
15985
7313
10332
22854
13183
8885
3994
22332
11992
18971
7592
13527
19255
26252
15189
4270
4556
26505
11784
17126
11014
18236
8607
19457
17514
12763
8982
8536
9706
5327
15211
13531
14847
11226
18487
7390
21134
5547
3396
19642
15577
10960
13283
10510
5145
4495
5736
8072
24424
16462
17337
24443
17621
4593
19730
8505
8353
4296
46073
4455
20411
12842
15012
19895
3410
3720
25321
8811
9796
19494
36148
21980
11943
12852
9750
16310
9791
9491
21550
20186
8616
7428
12610
31481
10882
26913
14236
11388
21923
32466
4635
26984
43601
9544
13881
5559
22025
12167
14728
4306
3402
18688
5992
15338
6966
21581
20100
10815
8696
6196
8753
6969
25936
26011
16643
7227
40178
6967
9026
16322
17278
22780
9368
12950
10230
40073
6295
11038
17111
12097
34108
18441
17852
11465
18636
10693
18443
9231
22445
13757
15865
8911
4826
34726
12682
24650
13104
10877
19342
10484
3941
20464
12075
7968
67771
7765
7656
28276
18526
4402
9514
6671
17028
11817
35721
8051
17029
13439
11606
19539
3754
6280
7480
5938
18677
14954
27319
6497
11160
32298
7669
14004
11033
6002
4132
13953
20341
21492
13681
3655
28742
22401
22457
10950
5598
4752
10552
11517
15850
39690
11178
4905
17713
21788
7173
12385
19574
13020
27513
5815
5725
22851
16821
15521
21320
5925
11472
8721
8783
16074
20749
24996
25395
11192
7851
3209
22142
7224
10852
21033
15425
9148
13562
22674
9483
6330
15734
11701
20345
26587
7412
6548
16912
7376
9891
12124
13550
8165
14078
5374
7319
11331
10443
7152
4725
7768
20103
6787
21269
6105
6850
10054
7719
30484
11482
15069
7836
8060
25643
9801
4030
19589
3376
12352
19973
8447
4162
7922
9965
8190
5768
4020
14566
26639
14007
5763
9963
19814
11245
23901
4477
24091
12217
17249
30429
4725
4295
15372
8473
11984
17128
6180
11328
6369
5305
37404
48037
9915
11030
36763
7654
12773
11007
7386
21080
8126
22760
6256
20633
14427
16046
22910
3904
9876
31905
5653
15370
9067
7321
17177
20937
10277
20759
12246
17600
18483
7591
30657
10312
5285
7002
4641
29211
22189
19420
4661
3568
6749
5911
23918
5591
17654
9760
29510
17856
21696
19240
24848
5726
8288
5693
7231
9493
27183
13126
14206
5437
10083
6704
8450
47954
10099
43370
5658
11744
8922
11751
18123
6472
7749
14460
15914
33939
5120
11484
16452
12404
21989
23404
12433
27973
12037
10495
15561
13676
10521
12757
11538
14028
33724
17092
5189
12654
3978
6158
12660
6788
28375
10406
15132
58998
12027
7159
11408
6300
6580
7818
37729
8633
27363
27903
36031
15411
10349
7505
24742
5257
22798
16866
11934
6042
7791
7417
6142
12434
16522
14493
11166
16124
4580
13557
9457
27978
12007
5929
4693
18339
8621
3785
4501
11212
30273
14877
5253
33470
5656
7950
5023
7379
14569
10263
15635
21832
4436
17388
9364
12408
27972
14518
25473
8034
6487
8329
10774
10048
9233
9136
8472
7995
12623
25887
6148
6938
11972
55420
7977
19550
7126
5193
3664
11371
6683
16735
28445
8963
7277
10509
6746
11789
16369
10932
4231
7747
29075
7758
15871
31405
14802
12263
20026
40253
13575
9101
16920
16390
6679
12177
12385
9802
5488
7567
12616
9045
30766
18433
17590
11042
8402
11939
26311
11635
5754
5212
9009
13294
17161
17465
18507
13734
13526
7017
18807
21423
24433
10295
22606
9606
7228
11725
8796
6752
4185
11026
14297
9941
5319
19862
18369
23335
6286
7445
13902
11533
6810
14471
39582
30946
22363
6487
6312
11485
18631
10860
11169
21628
6198
11170
16443
22061
19653
14996
40559
19391
7285
7796
12454
4511
12475
10847
3524
28075
29794
24814
28146
20780
5727
8904
9065
21674
11617
17640
11360
5119
6392
6612
18030
4615
5592
7557
18837
5992
9585
19767
12615
7585
9720
18448
15349
14512
9419
30002
8925
3712
14234
11356
25595
27763
5641
9047
25583
6068
30361
18426
11723
22514
33068
16410
8483
19893
7386
12347
7953
29131
14293
13685
9452
3705
34235
17867
4580
4528
8524
6530
5339
13929
27657
11989
8986
31521
10958
14445
13796
16570
3798
19205
16805
15459
18855
8336
4309
11332
11274
6164
9287
8048
4575
6244
8129
6884
4919
12719
10307
12593
14558
4031
25587
3752
7429
12204
11821
20408
24291
12020
23566
13989
11070
19531
6503
22873
19490
27066
7700
8117
14217
10591
8471
22012
29437
26861
6387
5130
19928
12291
20754
9134
30381
6939
15239
6102
11605
11782
4331
32702
11578
4249
23202
19635
7094
26434
17368
6529
13598
13252
9455
16244
31421
9022
6173
83295
9443
14221
9063
9347
7430
13078
13079
6415
7825
13040
9486
15475
4523
21305
20115
6640
10055
10497
8641
3824
8234
18253
11892
22762
18096
8780
24302
6415
14493
12976
5033
25045
8313
8796
26915
5024
28649
15487
7737
21481
14208
5917
4683
8827
13069
5774
13457
26933
9645
15515
11502
24955
12408
7213
4094
3170
33744
17516
12250
6587
13443
14671
4285
22381
10508
10243
10899
3700
3292
5708
8631
3561
31702
27665
6860
13738
14208
14326
8731
7135
5687
35772
8032
19052
6195
18704
5108
6767
26913
19036
18075
6102
17717
12769
10409
16280
26386
9616
12055
22193
5832
7405
6604
17183
13600
11100
24389
7229
13372
3686
13969
4938
5279
11376
8067
25501
16759
10906
9860
4951
10023
15166
13920
17202
3635
36235
10967
3864
25383
11623
14415
9019
10944
6072
7523
3453
10590
7072
10339
7178
9779
6651
7047
37229
26221
25288
12664
4130
17620
10316
12052
14987
11676
12190
10805
8496
8050
7335
8431
23705
18682
8834
5106
10091
12230
9051
18538
6875
3396
8739
12584
8244
18874
19609
33934
6865
36784
6215
17805
7189
7866
12022
7120
4130
17265
22320
33169
7929
30658
3816
5297
15891
16352
5387
27314
13059
18622
15747
12041
7157
17696
12836
5160
12674
41089
8280
19702
26807
12725
11170
9876
9497
14329
7834
6284
6590
6800
24544
18467
23661
6321
7591
9761
15848
11171
13888
6709
7827
5907
17050
9888
5089
5946
11141
10617
10278
32224
4652
7314
4794
10963
30052
11220
13049
9686
9511
4121
10947
23150
18358
9583
7366
16406
13859
19815
7961
5264
23343
7081
8273
25421
37676
18300
29622
6998
14360
4150
6531
5601
7011
11973
4528
17664
21002
6917
6931
11622
11790
5993
10166
3757
7833
43140
8803
8760
25324
20285
3664
28607
37725
7814
11840
5384
11924
26158
18652
21254
6520
12346
18165
13382
27919
11337
8805
7514
23248
9483
8017
35883
8806
10032
23290
24941
31644
7838
5636
8232
3409
6885
9957
35076
30172
29873
13234
26261
8023
16255
24023
4845
29116
7415
19305
11339
7990
15499
16942
11706
4948
23052
40649
4684
5133
35221
20248
12203
35505
11971
35357
21139
9709
19199
5743
6347
6138
8491
15362
8645
6314
18368
7466
8156
12286
4695
4309
12028
5626
20632
13742
13337
15799
9575
10708
15079
14662
28924
7435
11755
33929
55650
5422
10426
9673
4604
18190
21596
17913
18971
26614
10494
19079
8028
13226
9951
11260
6696
16272
6385
4719
6268
6183
15979
19870
9293
3843
10222
11472
8280
15522
13055
19190
9938
10348
18545
16419
7363
20475
11751
26679
13323
7667
5636
6826
27598
11829
10151
11518
4294
14089
17188
7333
20369
21743
7070
18482
6645
8393
5376
6953
12031
31657
14886
5990
11071
27042
38028
5470
4180
15982
7037
3771
15295
22381
8963
18762
7606
21000
23224
6057
19056
4600
7983
9395
17561
7542
37677
6592
19462
12450
5685
16346
9422
6070
20833
17395
17354
24828
6560
17479
14732
16540
19821
11331
5267
7523
6156
6556
8307
11350
22264
12285
8010
11093
5443
3503
6525
15259
17402
15513
5537
8910
7461
15462
5794
21993
11835
9720
22717
20479
20778
34448
21612
14079
5788
4210
23896
11277
29998
16290
15285
4269
24089
17913
6906
9754
6006
18331
18338
7401
4887
16916
13670
25990
4562
22965
14275
13766
6101
8983
24031
12379
9328
19170
35795
13111
9046
7874
9530
18943
5926
8880
17212
24217
28743
32334
14071
5606
11421
8416
5179
5215
3945
10123
7998
29498
6893
10734
4917
10669
6430
18138
3130
9323
5588
14623
31640
9330
10152
11657
6183
19770
10417
5094
9830
5115
13379
20717
22754
15900
9454
45979
6348
25321
7713
9834
4010
15033
11417
9980
26728
13321
15938
7961
29318
6394
14088
24208
7438
4309
9670
6578
40013
15108
11140
19158
10750
11257
19255
12430
9056
5550
16853
4330
43917
12682
12456
22449
6877
4740
28664
5776
4968
3869
35821
14934
20458
5244
11672
7910
23493
5825
19471
38521
24870
13456
5621
30649
9899
13858
23336
9574
8932
17672
10952
5263
17026
8817
14962
8920
17224
13629
6282
3658
11613
10430
4371
3943
10748
35786
7786
16157
14254
12394
11223
15831
9710
10029
7801
15232
12659
7425
29298
12554
4160
11292
9630
15840
26730
6112
6848
7012
12724
16808
8390
27257
4879
7899
21119
6866
10005
25048
7002
9826
5971
14271
8014
7378
6861
6785
55693
20885
18737
22261
4756
9899
6712
7693
30206
10616
24250
4703
7286
6619
8243
19677
7483
11589
5817
7314
21918
4324
4719
20039
10140
7134
25368
10649
11921
7516
13508
7358
8281
12739
9280
3833
5704
23900
5376
18682
24072
12357
14382
8083
3121
8810
15264
14193
5567
38749
3992
7393
6226
5568
14868
13295
6994
5859
8659
5603
18100
7787
6267
16135
15714
29301
13955
23262
4520
15729
11931
11853
7199
5193
21841
26298
8408
3006
5753
8024
7503
16101
36331
11527
10629
8646
5655
11447
19450
13584
21542
41213
14311
34760
5928
29903
4095
2927
21038
14029
12815
4047
5827
7447
3939
14912
15940
16476
12331
4791
14669
42249
4321
23325
6189
11073
9967
13175
10956
8204
20961
3194
3762
8134
11116
11451
23218
4403
7141
14778
22494
6790
8325
41454
15269
4483
36060
8557
25769
10544
4148
3978
3443
16496
28812
19668
21560
9276
6272
28699
35922
7425
13434
34107
13340
18417
17089
6025
5954
23636
17143
10590
8748
5306
6107
6859
6432
47542
9462
8358
16232
13833
11915
5620
20131
9063
8941
12646
3814
12614
32444
4532
6161
8014
9776
15333
5036
15298
14077
19790
5153
9967
7265
4871
14460
6693
19320
4805
6527
5547
8044
11944
33746
27815
10593
16746
6615
4690
7041
4549
3451
14978
7432
4518
13745
9519
23762
27615
10291
7813
7303
9476
13946
3928
5046
6498
5384
34860
19415
4733
8977
20110
30792
15095
8635
4703
10869
11997
8735
22540
17527
17508
5838
18498
4964
13010
7512
9595
14075
21093
4925
12650
6428
6882
16072
11295
6315
4622
6196
15123
23777
10870
6439
5699
20997
18750
6700
16773
7143
16709
8229
12952
3910
10007
6659
25078
14667
12781
10548
14973
7558
8825
20682
16273
18750
21621
18487
9928
12289
34731
13881
9633
3650
8676
18726
6723
8187
26164
11215
5627
12378
7698
22075
5126
8589
7438
17342
10596
12517
11488
24674
4707
9856
11057
10734
43921
7949
23563
15800
24775
20146
11885
21960
9681
4633
7942
6155
11028
14826
11105
15507
30057
7567
18499
29836
9930
8643
14127
10684
6264
20129
6797
7957
21423
25295
20290
5044
6540
10251
5138
11451
17737
8548
3915
36980
10461
20647
19612
12619
12237
10777
22603
11762
26811
16315
15607
12104
17671
23691
7405
20935
37535
24309
8323
12760
9372
19884
6613
15764
13236
30492
23778
10168
19602
10897
12660
6517
5146
11548
15273
9930
20148
6106
18966
6852
23901
12728
5526
5346
20655
26577
5732
10964
27580
26098
4027
19829
18649
12286
13834
31497
11542
48962
6650
3728
9987
6048
17701
6442
31338
25441
6241
25388
12408
13734
10057
7958
22351
4241
3214
3240
8310
36351
6131
14136
7581
5138
47301
18531
8718
13086
12211
19035
13422
6316
7356
13121
5671
6135
9831
9383
26170
53128
25017
12138
26460
13953
9625
37207
3674
23183
3848
29049
7882
20878
11093
9070
33251
30492
5081
7207
17951
6729
4776
4287
8008
7684
5190
4692
24276
7426
11034
12002
22764
17410
18094
13586
24254
6271
19714
6143
20669
7518
20408
10693
4723
9722
16092
6766
15869
5631
7925
3750
22532
18537
6660
5795
15594
24054
28291
9541
15842
4616
11349
18198
3992
11556
19051
6396
8615
58621
8061
41608
12676
18410
10178
14205
29417
10413
5131
15309
10170
19472
5150
11464
5069
3595
9138
23817
30718
9404
4368
8261
10164
14698
23504
3040
28840
12757
12853
31908
16580
14239
16424
11638
8398
9120
6418
5803
7903
10103
3304
18431
32386
8501
9201
6027
17912
32156
14204
7865
8876
13673
47847
36041
7290
9196
11142
16878
17709
7383
7082
11036
9226
7927
8511
42963
20000
14614
17082
16936
5800
10590
12560
3712
5535
5648
19163
15545
13368
13804
9842
11402
12150
4787
6639
9266
42557
12434
20768
13589
7405
6743
26540
6885
5579
3100
7968
13224
36259
20522
11013
16814
3123
18211
20757
16790
5872
13787
9128
11449
17783
8097
24699
12187
8628
5010
9535
17255
11977
15184
33033
33026
9339
3573
12069
8443
10399
10219
3953
7752
27251
4082
23458
12659
6654
37111
25435
11897
5341
19201
51269
3617
18056
25461
66292
5619
5293
20940
11486
7955
7075
7807
7355
14028
12736
10514
8794
6359
9937
8496
42605
24655
18429
16932
9176
21634
6592
6584
6474
4212
12438
19774
3888
14542
11364
39002
8504
22757
3880
40882
19177
7653
10203
12900
12703
7120
12132
31348
10132
25930
62942
11663
3732
4448
22652
9220
4668
5027
5098
8340
27248
15961
12901
11338
14360
8639
6341
10755
9362
7182
8444
6619
6152
3824
16037
5369
6780
13152
16468
20968
8216
30308
6862
4030
12133
10661
3864
16282
23476
7628
14482
10258
12141
8256
16647
22404
30190
35850
8979
8214
7499
16255
6540
3382
10053
6371
5139
23832
12706
8739
5638
12960
5179
9713
19049
11410
24764
44920
17740
19991
17635
11859
15106
33827
6247
6678
17510
22437
17988
7987
15589
3907
4263
7124
9332
11212
18346
12446
14089
24107
21476
6966
17021
15861
20646
12500
13506
47505
5528
27573
7848
4798
5225
4807
13788
11567
23509
31722
30907
8481
3120
18229
8354
14467
6385
5092
15574
11933
15555
3104
17432
16196
13698
13186
8905
8133
9272
5890
13422
5431
4377
13135
55318
15016
7977
6021
12591
16520
5582
4246
8574
7525
8589
28742
26868
11529
14224
10591
5555
35669
11422
10796
10085
21623
10792
32809
11613
10250
15077
13249
24863
34625
9371
4133
5262
9229
9833
3952
15317
31236
10267
54060
7925
23373
7939
24554
4810
22603
12331
11060
23665
7471
11641
29347
3757
3742
7134
7696
15307
13050
7974
8912
29874
16229
14576
10336
9184
7162
13329
15619
17148
17539
10291
7302
17155
6523
14966
7858
19963
5282
3777
15782
11960
36222
6224
17490
8684
9293
15467
4251
20383
10248
5896
6110
9881
4263
7258
9146
10538
23152
5596
12248
5478
6719
14474
6843
8530
4768
13596
7644
15473
6453
26532
8854
12734
6057
11968
16963
11018
6261
9943
13414
26102
19595
21242
29537
22314
6136
12574
11729
7412
3188
5924
3869
5672
7368
4370
3364
12183
19176
16323
16858
16925
9759
16651
4999
10419
5435
5384
11968
7470
13347
20763
9605
7694
10316
15416
3251
10253
13187
5371
18070
4988
5687
26490
5592
12262
7907
23553
11896
3580
11775
14884
6512
14459
4972
23364
12166
4059
21378
6270
5466
31889
40942
10165
11660
4486
4026
29880
17688
6335
9731
6335
9780
5855
12829
10053
9637
7009
4018
4547
11161
5135
11698
20988
19609
13777
30300
3395
3991
17070
4358
28789
6278
12885
5341
17287
10130
10371
9465
23666
22469
24238
32990
14499
21020
6680
14939
14721
23684
29111
9268
9515
9059
5321
7515
24288
14385
11737
18347
5015
12992
10410
15136
9078
9270
15337
21322
16634
4774
17581
11264
20223
9183
29660
11619
6170
26619
22506
8683
9438
21057
11936
4168
3020
15304
6657
9226
15408
9952
20529
23952
27145
5038
4349
30828
6167
7331
10001
4766
28879
9731
8158
4644
9049
9406
9085
16295
20610
19474
5059
11246
7515
13093
4821
20225
14323
5362
5646
4736
8211
4309
18238
9057
6685
11722
25620
21216
8948
10755
26507
15039
11015
37540
14861
18721
10346
11702
10108
16376
32166
8084
6766
3227
4921
10826
7926
15918
12032
6834
8379
7043
21530
8811
7314
20983
12499
13546
8513
3938
3720
10391
8531
16319
7277
36230
27567
10060
8078
14479
15813
9386
5536
10337
6155
12027
12991
5158
16123
20668
7117
17532
8358
28674
8497
6433
4948
8950
19615
20964
10786
4201
35506
3059
6298
4518
21505
12711
8425
12566
3622
3714
19944
8643
15485
15201
8406
4849
12145
6798
8558
5640
17662
14332
20515
6325
21512
6535
14637
11367
23919
31825
13022
4976
8196
4699
32668
19527
8926
16214
9266
7358
6272
7856
20620
5045
11260
4152
7924
10537
14109
20873
19108
36883
5273
21820
9083
26478
28837
7997
16581
17290
11237
46497
4947
24031
8182
8864
9344
3116
29206
15359
28462
8207
6845
9115
19525
7968
25541
15034
7683
11594
14198
10895
11668
21787
23970
11575
11709
13016
7190
11576
7810
32774
12824
40016
23694
12125
6910
11197
5919
11776
14484
24265
10588
12184
15277
10187
10356
7536
7002
13451
10406
11840
7067
17214
4647
15177
9308
9339
5422
4610
24209
5842
15618
9143
7554
3980
7944
18987
11368
12912
32061
12946
5255
8718
4433
6082
14018
22887
10543
4511
11676
41045
6943
9998
11790
4972
16050
6479
10345
10841
4988
8234
5311
25763
9811
8582
14769
4437
14108
15626
18501
10512
7238
9093
8185
25217
4063
36685
17820
19924
18953
4107
24726
15488
3629
6542
9731
6220
6365
4258
16707
6176
6445
5671
12015
7451
6292
30318
18773
8955
13966
9330
3175
30725
10650
5695
16548
6257
18352
4318
4995
13486
40647
8661
6789
12029
33018
17748
13452
7803
14138
8611
7555
25076
5306
20331
30074
18361
40542
11349
6644
8147
3446
13910
20821
12035
6476
6205
24334
3415
9702
4449
15275
10753
15722
7576
10806
10934
19118
5338
4351
9794
8591
16704
10908
6324
7731
13052
22627
23838
5393
26870
13248
11130
22716
12595
7502
24685
16122
9431
12289
5160
14964
3851
25536
7450
9229
7245
15437
11386
6450
7153
11399
23568
4861
6604
13393
19486
9813
6696
8068
14289
4603
13328
10304
26018
2896
10545
14109
11625
14610
19544
11320
6861
9194
9872
6514
11901
12586
8355
14708
11187
7227
13957
22044
32542
5475
4400
22255
18821
13345
5261
7414
11470
15479
16482
14303
11764
4028
14494
5885
4178
12710
4999
3391
21502
12686
25020
13734
9014
6925
20671
14012
12864
4688
6917
10593
5119
12702
5387
10117
6282
10169
22452
6700
13234
5037
3747
4496
20301
42417
11534
18286
7685
11556
7219
5847
11137
4960
11209
23435
13403
13017
17096
16285
16395
16995
6528
3758
5639
7898
10249
13947
37634
11852
8744
7392
24789
7360
16211
16684
24273
7523
5561
7270
4559
12533
14427
7036
6787
6204
34323
15873
18936
6825
6002
9419
6256
5581
8752
5198
14510
20341
10067
3876
6123
16066
29385
16562
14007
6980
21734
6505
14361
4466
17011
15025
23646
3622
6988
14077
11971
19344
6594
6375
6342
15365
7224
7083
15824
6648
10370
9355
8272
10091
6923
4562
23991
18249
9006
15205
7106
8880
13492
31481
5782
7497
16683
6117
5160
4586
5679
7817
6708
20027
4651
4570
13165
22424
7140
4254
5854
21907
4686
5503
26483
7585
15185
3689
12321
7680
9672
5398
9007
9885
5561
7721
27545
10901
12888
15126
5563
4622
13595
4874
4549
4804
7835
15470
6739
10488
5726
31174
25080
5019
18778
20198
6813
9917
7981
6519
4789
10833
4212
4420
32482
40487
4580
5636
9679
10973
12707
16621
19261
23539
9797
26506
30340
9377
18506
17758
9723
8967
21670
5640
6781
12556
40210
4257
28547
11384
7951
7190
15895
3767
19663
6249
8844
17884
27808
6150
12142
4471
21606
7887
9440
13695
11275
26178
7684
4306
12174
31835
14217
13262
23923
9777
5660
7760
19851
12481
4323
7862
5661
9929
31192
21042
8513
7541
12010
12228
9052
14050
21237
8613
6141
10666
5362
7508
18276
10916
10166
6734
9820
7321
16360
13847
5236
5545
21255
14759
29447
10587
6826
3028
10430
4679
15978
15183
29270
4400
5312
7168
6163
31516
12765
11108
12293
4820
3129
9150
10967
20770
11895
3767
18203
11210
3150
13622
25729
17808
4580
5399
40944
7174
8154
16366
10635
5743
5794
7368
11587
9158
5433
27789
9343
27804
13774
10574
12205
10829
20115
22098
10189
3153
7229
5149
6998
9214
34347
7807
5359
19018
12812
13351
22405
4506
27735
6049
5625
14025
6361
15355
14067
4597
7210
25689
21243
7539
7115
17325
21195
7620
21839
33080
8503
11539
22012
8548
7095
19057
4864
4302
10161
8135
7128
5558
4148
8781
7328
13803
8499
18291
22641
13833
13003
11152
14612
8398
8087
22357
8717
5549
14528
7497
18400
7520
3527
16108
16107
11841
21236
26844
10617
8675
17356
15273
13092
4602
11150
20167
17895
6004
12576
9594
5089
6364
4145
44717
8364
26440
15166
10307
6468
24420
22050
14788
11478
12262
14142
8969
11344
3102
9400
17821
9441
7381
14760
8393
9123
8251
25107
10669
11191
13257
3954
7552
8720
9154
11348
17543
5941
4586
4241
16867
10517
7611
20965
6926
10561
19230
9416
9161
5522
13813
20653
25607
14274
27360
15353
4876
12369
8247
5589
4668
13787
13483
15505
16340
11394
4583
12691
13789
10439
10956
8797
3474
14597
9175
9694
8826
40818
5204
5955
19040
11149
8872
26683
16353
3752
6570
14962
10900
59566
22985
5374
6558
8359
17275
5357
9026
22361
12635
12477
22088
5537
5000
16319
17826
24418
11558
2935
16902
9802
12303
9675
7380
23732
8403
20074
6321
26387
20768
5034
4599
9141
5248
8069
23167
6246
13481
10126
7264
11219
14403
9654
8079
11077
5247
4454
9689
35451
15129
7177
10799
7966
4995
10555
7098
17372
10262
9819
7038
5326
32716
17439
12677
5746
11981
16054
24434
17860
29317
17600
5128
15950
9591
8832
9990
10143
5147
7262
12886
15759
15529
11274
6446
9281
13592
47135
22123
5603
12611
24156
11128
8931
6495
27988
11067
13909
19590
5829
20219
4873
17588
18895
22303
7055
4740
29744
9345
4484
4241
9030
9868
6998
13268
15025
7574
14130
7528
8067
6210
7890
5383
29318
28702
10628
7744
10574
4200
12196
8171
9503
29774
8999
14891
5276
4449
4994
13873
7870
10792
17815
10064
17828
10092
24886
4735
7110
23893
12390
22035
4174
6649
15983
9852
11963
12716
9966
18100
14733
11127
43016
18211
6821
6684
8210
5144
4968
3226
28535
10726
5748
4700
9293
23831
14395
5641
19692
9429
15242
8709
22746
27853
11783
20742
16632
8819
27180
12154
9940
6375
5817
6851
4747
13368
16757
5687
24312
6527
10967
7646
4623
3253
17808
4267
6363
5145
7522
5789
7887
9446
21381
4185
6522
4512
11602
21586
9217
14071
10061
4271
3921
14682
19719
24985
26430
29961
13421
18373
7634
7608
8840
26565
4924
21255
14541
6881
8452
25162
8089
7519
6396
4615
13758
3441
16353
24322
12216
10812
30140
5046
10398
3569
3192
7888
14656
11571
7213
5538
4740
6402
22957
12738
6485
22011
29382
6633
17679
13093
24992
12208
10605
24770
14129
8595
27535
5660
5436
19872
4387
4298
28178
9434
8737
45976
25513
7563
28539
15403
25323
17010
6657
24340
3635
4330
7925
10981
20561
5501
14344
11222
26691
8068
27448
10815
7370
9009
5604
10334
6343
10385
5109
15594
27502
3701
3518
13102
20517
10136
6402
5029
18243
9806
23057
13178
19140
13719
15080
15859
11494
4891
18714
7912
10049
5935
15277
4599
13632
7324
10998
11104
18715
6354
9391
5479
10870
9855
4606
8974
11837
12117
8143
4947
6220
22483
10694
21477
15272
5987
4558
20694
26012
19333
19297
15045
12163
7352
13643
5568
5387
7669
8114
15875
13155
6525
6396
5410
5574
6502
4224
14304
10231
20930
9878
4444
12303
5995
5150
8333
8758
8604
20133
10594
9612
7235
4654
19681
6961
4067
12417
31617
25152
15068
10374
10331
4855
16310
28922
10497
10804
12466
15976
10920
7550
25214
5967
5646
10255
9975
7318
26825
10039
27910
4842
27322
13004
5028
17896
7921
13173
28733
15274
8046
10222
16720
7836
18262
8992
17410
6917
10199
4927
22628
14145
5355
12943
8125
7541
9556
8416
12825
34002
7521
12296
8052
6232
12347
17473
9985
8815
10831
19489
10281
9216
5080
10615
4724
9658
6346
24327
7648
24143
18555
8896
6925
3351
27993
27146
5123
12215
7991
19556
4273
9599
14901
15024
7285
6416
13394
7738
31894
3967
9574
5075
8404
15988
5111
23471
6938
7508
14595
16493
6680
16757
11703
13047
11413
26233
15113
11403
7139
33393
21281
4744
13884
5475
10388
6167
23124
26272
13692
7151
9211
5560
23613
5663
10510
3831
5163
7143
6164
6071
21735
10236
25886
4775
3442
4200
19927
4057
9442
8739
5959
3664
21189
8569
7756
6916
15418
3678
6873
3303
12296
9495
11882
6562
13650
7587
6075
7719
6459
15023
16530
16275
13935
16132
9791
24283
6003
17036
4619
4878
41874
47879
4977
7296
7356
11332
9819
16999
14672
5622
16947
11142
5588
12870
4924
12873
12563
9640
4906
10534
13300
4264
8557
6845
15102
17351
16108
8062
16475
24378
11793
5725
11372
3808
13683
10292
17831
8819
22602
9585
16362
8244
7613
4691
4881
17852
4041
10290
14329
13618
5527
26083
6314
10450
8431
10059
6639
25366
19652
21855
8047
4498
23009
18734
4363
28236
13918
11795
5298
6041
19300
11317
16915
10078
16703
11628
12213
9553
10524
8514
21162
12176
3290
20869
11898
8922
13939
3804
12260
31140
11091
6186
6901
7600
13422
6117
15163
4595
18921
6526
12355
14802
16795
11388
18165
15275
7626
9209
11932
9010
19412
20216
16806
15855
20278
6659
6170
14243
6026
7043
5135
10055
25303
21797
10369
8047
9808
12676
5240
6717
7962
13964
4297
11172
12170
6664
19795
7189
5576
8750
3909
22950
5609
12709
14819
13260
8830
75747
9997
14398
9837
11984
25540
9548
10099
27073
4906
9808
19733
4804
5842
11027
12568
5890
4630
8074
16242
18851
11692
13226
20032
7019
14956
21945
5949
5033
21824
12593
6985
12504
5984
7486
4241
5551
21247
8234
8408
28581
6952
20269
28665
8342
6268
12137
5569
15538
4539
12675
4310
29806
12372
15961
4310
21405
16272
14724
10805
10452
8645
26535
8234
5450
5469
17716
27730
3458
5448
19520
17814
5242
5074
14619
10631
4602
5569
4177
14893
10961
6614
3675
4256
14851
21639
6844
7277
9778
14229
3887
8758
12957
10550
18217
7618
2859
18083
14968
4223
7959
17787
11991
10583
11950
13650
11647
5267
5214
14188
9668
13239
8830
13133
14487
6988
5611
21088
9993
5281
13694
